0	[((56004921, 55973175, 0), 0), ((55973175, 56004921, 0), 1), ((56004921, 55950049, 0), 9), ('GOAL', 55950049, 9)]
1	[((56078342, 56101709, 0), 0), ((56101709, 56078342, 0), 5), ('GOAL', 56078342, 5)]
2	[((56162600, 56102883, 0), 0), ((56102883, 56043967, 0), 1), ((56043967, 56102888, 0), 8), ('GOAL', 56102888, 8)]
3	[((56145476, 56096178, 0), 0), ('GOAL', 56096178, None)]
4	[((56047993, 56043170, 0), 0), ((56043170, 56047996, 0), 8), ((56047996, 56047998, 0), 9), ((56047998, 56048001, 0), 15), ('GOAL', 56048001, 15)]
5	[((56055335, 56072378, 0), 0), ((56072378, 56072376, 0), 1), ((56072376, 56053423, 0), 4), ((56053423, 354743782, 0), 10), ((354743782, 56030735, 0), 17), ((56030735, 55950032, 0), 18), ((55950032, 56053418, 0), 34), ((56053418, 56023246, 0), 36), ((56023246, 56023248, 0), 42), ('GOAL', 56023248, 42)]
6	[((56110597, 56069830, 0), 0), ((56069830, 56110597, 0), 11), ((56110597, 56152134, 0), 27), ((56152134, 56113430, 0), 33), ('GOAL', 56113430, 33)]
7	[((56003708, 56093522, 0), 0), ('GOAL', 56093522, None)]
8	[((56069828, 56069826, 0), 0), ((56069826, 56069828, 0), 3), ((56069828, 56069830, 0), 10), ((56069830, 56110597, 0), 11), ((56110597, 56152134, 0), 25), ((56152134, 56113430, 0), 32), ('GOAL', 56113430, 32)]
9	[((56158190, 56135901, 0), 0), ((56135901, 56070835, 0), 1), ((56070835, 56042000, 0), 14), ((56042000, 56070804, 0), 24), ((56070804, 56123371, 0), 34), ((56123371, 56056014, 0), 38), ((56056014, 4923571714, 0), 40), ('GOAL', 4923571714, 40)]
