0	[((56027704, 56072602, 0), 0), ((56072602, 56030688, 0), 4), ((56030688, 56072605, 0), 5), ((56072605, 56050429, 0), 7), ((56050429, 56072607, 0), 8), ('GOAL', 56072607, 8)]
1	[((354743658, 354743037, 0), 0), ((354743037, 56030729, 0), 22), ((56030729, 56074885, 0), 28), ((56074885, 56074887, 0), 35), ((56074887, 56035075, 0), 47), ((56035075, 56048120, 0), 56), ((56048120, 56084489, 0), 61), ('GOAL', 56084489, 61)]
2	[((56073138, 56073135, 0), 0), ((56073135, 56073138, 0), 5), ((56073138, 56020695, 0), 11), ((56020695, 56020697, 0), 24), ((56020697, 56020698, 0), 26), ('GOAL', 56020698, 26)]
3	[((765896263, 300787199, 0), 0), ((300787199, 354753249, 0), 25), ((354753249, 7843485932, 0), 34), ((7843485932, 56164912, 0), 53), ((56164912, 300787453, 0), 54), ((300787453, 300787461, 0), 114), ('GOAL', 300787461, 114)]
4	[((55950049, 56004921, 0), 0), ((56004921, 55950049, 0), 5), ('GOAL', 55950049, 5)]
5	[((56040724, 56026638, 0), 0), ((56026638, 1311275814, 0), 14), ((1311275814, 56110592, 0), 17), ((56110592, 56020692, 0), 22), ((56020692, 56066290, 0), 28), ('GOAL', 56066290, 28)]
6	[((56048279, 56050055, 0), 0), ('GOAL', 56050055, None)]
7	[((56043971, 56043968, 0), 0), ((56043968, 56043971, 0), 5), ('GOAL', 56043971, 5)]
8	[((56068692, 56040737, 0), 0), ((56040737, 56053423, 0), 4), ((56053423, 354743782, 0), 11), ((354743782, 56030735, 0), 21), ((56030735, 55950032, 0), 22), ((55950032, 56053418, 0), 35), ((56053418, 56023246, 0), 37), ((56023246, 56023248, 0), 43), ('GOAL', 56023248, 43)]
9	[((56141853, 56042106, 0), 0), ('GOAL', 56042106, None)]
