0	[((56078313, 56078315, 0), 0), ((56078315, 56040934, 0), 9), ((56040934, 56084803, 0), 42), ((56084803, 56084797, 0), 48), ((56084797, 7049377524, 0), 62), ((7049377524, 7049377523, 0), 77), ((7049377523, 56084795, 0), 78), ((56084795, 7049377534, 0), 79), ((7049377534, 7049377521, 0), 80), ((7049377521, 7028171795, 0), 81), ((7028171795, 7049316377, 0), 94), ((7049316377, 56072571, 0), 101), ((56072571, 5967827272, 0), 107), ((5967827272, 56093153, 0), 115), ((56093153, 6780134822, 0), 132), ((6780134822, 5964494955, 0), 142), ((5964494955, 56131641, 0), 143), ((56131641, 6780134815, 0), 150), ((6780134815, 56034880, 0), 177), ((56034880, 56045060, 0), 180), ((56045060, 6780134818, 0), 192), ((6780134818, 6780134811, 0), 204), ((6780134811, 3711226065, 0), 209), ((3711226065, 3711226062, 0), 220), ((3711226062, 3711226058, 0), 224), ((3711226058, 6320156843, 0), 227), ((6320156843, 6776205179, 0), 233), ('GOAL', 6776205179, 233)]
1	[((56102904, 56097445, 0), 0), ((56097445, 56097457, 0), 2), ((56097457, 56065549, 0), 5), ((56065549, 56097462, 0), 13), ((56097462, 56043015, 0), 16), ((56043015, 56106954, 0), 20), ('GOAL', 56106954, 20)]
2	[((2191283425, 2191283400, 0), 0), ((2191283400, 2191283423, 0), 11), ((2191283423, 4077326024, 0), 16), ((4077326024, 56017227, 0), 30), ((56017227, 56093882, 0), 37), ((56093882, 56030470, 0), 42), ((56030470, 56030472, 0), 60), ((56030472, 2191283277, 0), 66), ((2191283277, 2191283249, 0), 75), ((2191283249, 2191283180, 0), 92), ((2191283180, 356605288, 0), 101), ((356605288, 356605287, 0), 108), ((356605287, 356605286, 0), 116), ((356605286, 2191283076, 0), 119), ((2191283076, 2191283087, 0), 127), ((2191283087, 2191282970, 0), 130), ((2191282970, 2191282968, 0), 138), ((2191282968, 56051487, 0), 140), ((56051487, 56096196, 0), 141), ('GOAL', 56096196, 141)]
3	[((2479665534, 56033704, 0), 0), ('GOAL', 56033704, None)]
4	[((56090916, 56090915, 0), 0), ((56090915, 56109041, 0), 1), ((56109041, 56063826, 0), 7), ((56063826, 56066493, 0), 11), ((56066493, 56093372, 0), 29), ((56093372, 6380546454, 0), 33), ((6380546454, 6380546452, 0), 38), ((6380546452, 6380546450, 0), 44), ((6380546450, 6380546451, 0), 46), ((6380546451, 1816389916, 0), 49), ((1816389916, 1816389919, 0), 52), ((1816389919, 1816389848, 0), 55), ((1816389848, 1816389850, 0), 74), ((1816389850, 56109058, 0), 86), ('GOAL', 56109058, 86)]
5	[((56046574, 56046575, 0), 0), ((56046575, 56046574, 0), 5), ((56046574, 317143195, 0), 9), ((317143195, 56057991, 0), 12), ((56057991, 3292802508, 0), 14), ((3292802508, 56057990, 0), 15), ((56057990, 56132833, 0), 16), ('GOAL', 56132833, 16)]
6	[((56110274, 56114549, 0), 0), ((56114549, 56036509, 0), 1), ((56036509, 56036506, 0), 4), ((56036506, 3292802488, 0), 13), ((3292802488, 56074636, 0), 15), ((56074636, 56114153, 0), 16), ((56114153, 56114161, 0), 34), ((56114161, 56138378, 0), 42), ((56138378, 56056056, 0), 49), ('GOAL', 56056056, 49)]
7	[((56062527, 56061124, 0), 0), ((56061124, 56144298, 0), 3), ((56144298, 56130750, 0), 5), ((56130750, 56018579, 0), 6), ((56018579, 56130754, 0), 14), ((56130754, 56062256, 0), 19), ((56062256, 56059570, 0), 22), ((56059570, 56059571, 0), 37), ((56059571, 56059573, 0), 42), ((56059573, 56059574, 0), 55), ((56059574, 56080006, 0), 59), ((56080006, 56065714, 0), 63), ((56065714, 56049930, 0), 65), ((56049930, 56049932, 0), 72), ((56049932, 56155742, 0), 76), ((56155742, 56092105, 0), 95), ((56092105, 56164551, 0), 108), ((56164551, 56102905, 0), 120), ((56102905, 56065547, 0), 133), ((56065547, 56065549, 0), 167), ((56065549, 56097462, 0), 170), ((56097462, 56043015, 0), 173), ((56043015, 56106954, 0), 177), ('GOAL', 56106954, 177)]
8	[((56122535, 56072376, 0), 0), ((56072376, 56122535, 0), 2), ((56122535, 56102872, 0), 9), ((56102872, 55973175, 0), 12), ((55973175, 56004921, 0), 19), ((56004921, 354743884, 0), 30), ((354743884, 354743658, 0), 48), ((354743658, 55983740, 0), 51), ((55983740, 339258709, 0), 73), ((339258709, 300787461, 0), 94), ((300787461, 354739682, 0), 110), ((354739682, 29892721, 0), 133), ((29892721, 354418673, 0), 145), ((354418673, 56009424, 0), 159), ('GOAL', 56009424, 159)]
9	[((56030280, 56021344, 0), 0), ((56021344, 56030280, 0), 20), ((56030280, 56060421, 0), 38), ((56060421, 7297665396, 0), 55), ((7297665396, 56097863, 0), 62), ((56097863, 7297665435, 0), 68), ((7297665435, 354739241, 0), 69), ('GOAL', 354739241, 69)]
10	[((56059469, 56059467, 1), 0), ((56059467, 56059469, 0), 3), ((56059469, 6863130545, 0), 5), ((6863130545, 56056972, 0), 6), ((56056972, 7485461130, 0), 11), ((7485461130, 56017932, 0), 12), ((56017932, 1816389670, 0), 23), ((1816389670, 56117917, 0), 32), ((56117917, 1816389675, 0), 38), ((1816389675, 56078060, 0), 42), ((56078060, 56089596, 0), 62), ((56089596, 4926534419, 0), 72), ((4926534419, 56117114, 0), 87), ((56117114, 56017876, 0), 89), ((56017876, 6887884645, 0), 92), ('GOAL', 6887884645, 92)]
11	[((56034511, 56043059, 0), 0), ((56043059, 56034511, 0), 4), ((56034511, 56043053, 0), 44), ((56043053, 56043052, 0), 47), ((56043052, 56031468, 0), 52), ((56031468, 356602156, 0), 61), ((356602156, 56072354, 0), 73), ((56072354, 56051480, 0), 80), ((56051480, 56077542, 0), 85), ('GOAL', 56077542, 85)]
12	[((2471339541, 2471339635, 0), 0), ((2471339635, 2471339666, 0), 3), ((2471339666, 1700950154, 0), 33), ((1700950154, 56018836, 0), 43), ((56018836, 2567409651, 0), 56), ((2567409651, 56018842, 0), 71), ((56018842, 2705187703, 0), 75), ((2705187703, 2705187697, 0), 76), ((2705187697, 56017737, 0), 88), ((56017737, 56052627, 0), 90), ('GOAL', 56052627, 90)]
13	[((56150872, 56034430, 0), 0), ((56034430, 56034427, 0), 5), ((56034427, 56029952, 0), 11), ((56029952, 56029947, 0), 14), ((56029947, 56030273, 0), 29), ((56030273, 56021344, 0), 37), ((56021344, 56030280, 0), 40), ((56030280, 56060421, 0), 58), ((56060421, 7297665396, 0), 75), ((7297665396, 56097863, 0), 82), ((56097863, 7297665435, 0), 88), ((7297665435, 354739241, 0), 89), ('GOAL', 354739241, 89)]
14	[((56156114, 56102019, 0), 0), ((56102019, 56102020, 0), 9), ((56102020, 56093736, 0), 12), ((56093736, 56125809, 0), 23), ('GOAL', 56125809, 23)]
15	[((56054467, 56054471, 0), 0), ((56054471, 56054467, 0), 2), ((56054467, 56116374, 0), 14), ((56116374, 56035305, 0), 24), ((56035305, 56035307, 0), 27), ((56035307, 56018543, 0), 32), ((56018543, 56035311, 0), 34), ('GOAL', 56035311, 34)]
16	[((56053548, 56093754, 0), 0), ((56093754, 56073231, 0), 21), ((56073231, 56073228, 0), 26), ((56073228, 56096726, 0), 32), ((56096726, 56092092, 0), 34), ((56092092, 56096729, 0), 38), ((56096729, 56040973, 0), 56), ((56040973, 56040977, 0), 61), ((56040977, 56104047, 0), 70), ((56104047, 56030419, 0), 74), ((56030419, 56046617, 0), 80), ((56046617, 56046616, 0), 92), ((56046616, 4932110214, 0), 97), ((4932110214, 3292802465, 0), 130), ((3292802465, 56138389, 0), 131), ((56138389, 56092104, 0), 151), ((56092104, 56092105, 0), 162), ((56092105, 56164551, 0), 166), ((56164551, 56102905, 0), 178), ((56102905, 56065547, 0), 191), ((56065547, 56065549, 0), 224), ((56065549, 56097462, 0), 227), ((56097462, 56043015, 0), 230), ((56043015, 56106954, 0), 234), ('GOAL', 56106954, 234)]
17	[((2423592927, 56021488, 0), 0), ((56021488, 6780134821, 0), 7), ((6780134821, 56131641, 0), 37), ((56131641, 6780134815, 0), 38), ((6780134815, 56034880, 0), 64), ((56034880, 56045060, 0), 67), ((56045060, 6780134818, 0), 79), ((6780134818, 6780134811, 0), 91), ((6780134811, 3711226065, 0), 96), ((3711226065, 3711226062, 0), 106), ((3711226062, 3711226058, 0), 111), ((3711226058, 6320156843, 0), 114), ((6320156843, 6776205179, 0), 120), ('GOAL', 6776205179, 120)]
18	[((56022073, 56092494, 0), 0), ((56092494, 56022073, 0), 21), ((56022073, 56034677, 0), 40), ((56034677, 2479665514, 0), 49), ((2479665514, 2479665516, 0), 61), ((2479665516, 2479665534, 0), 62), ((2479665534, 56033704, 0), 63), ('GOAL', 56033704, 63)]
19	[((6614981127, 6615000390, 0), 0), ((6615000390, 6614981127, 0), 5), ((6614981127, 6614981130, 0), 11), ((6614981130, 6614981136, 0), 15), ((6614981136, 56171408, 0), 25), ((56171408, 6614981110, 0), 28), ((6614981110, 2868373147, 0), 40), ((2868373147, 56145013, 0), 45), ((56145013, 56046962, 0), 49), ('GOAL', 56046962, 49)]
20	[((56034641, 56034644, 0), 0), ((56034644, 56034641, 0), 3), ((56034641, 56100411, 0), 9), ((56100411, 56057294, 0), 12), ((56057294, 56129486, 0), 21), ((56129486, 56092107, 0), 25), ((56092107, 56129489, 0), 34), ((56129489, 56129490, 0), 51), ((56129490, 56102906, 0), 73), ((56102906, 56128121, 0), 79), ((56128121, 56097462, 0), 100), ((56097462, 56043015, 0), 107), ((56043015, 56106954, 0), 111), ('GOAL', 56106954, 111)]
21	[((55950074, 55950072, 0), 0), ((55950072, 5432637218, 0), 1), ((5432637218, 56116915, 0), 2), ((56116915, 4925829173, 0), 6), ((4925829173, 7049436446, 0), 11), ((7049436446, 56084792, 0), 12), ((56084792, 7049377518, 0), 16), ((7049377518, 7049377521, 0), 17), ((7049377521, 7028171795, 0), 22), ((7028171795, 7049316377, 0), 35), ((7049316377, 56072571, 0), 42), ((56072571, 5967827272, 0), 48), ((5967827272, 56093153, 0), 56), ((56093153, 6780134822, 0), 73), ((6780134822, 5964494955, 0), 83), ((5964494955, 56131641, 0), 84), ((56131641, 6780134815, 0), 91), ((6780134815, 56034880, 0), 118), ((56034880, 56045060, 0), 121), ((56045060, 6780134818, 0), 133), ((6780134818, 6780134811, 0), 145), ((6780134811, 3711226065, 0), 150), ((3711226065, 3711226062, 0), 161), ((3711226062, 3711226058, 0), 165), ((3711226058, 6320156843, 0), 168), ((6320156843, 6776205179, 0), 174), ('GOAL', 6776205179, 174)]
22	[((56145506, 56034427, 0), 0), ((56034427, 56029952, 0), 4), ((56029952, 56029947, 0), 7), ((56029947, 56030273, 0), 22), ((56030273, 56021344, 0), 31), ((56021344, 56030280, 0), 34), ((56030280, 56060421, 0), 52), ((56060421, 7297665396, 0), 68), ((7297665396, 56097863, 0), 75), ((56097863, 7297665435, 0), 81), ((7297665435, 354739241, 0), 82), ('GOAL', 354739241, 82)]
23	[((56051910, 56053494, 0), 0), ((56053494, 56051910, 0), 3), ((56051910, 56051909, 0), 5), ((56051909, 3784267952, 0), 7), ((3784267952, 56074636, 0), 9), ((56074636, 56114153, 0), 11), ((56114153, 56114161, 0), 29), ((56114161, 56138378, 0), 37), ((56138378, 56056056, 0), 44), ('GOAL', 56056056, 44)]
24	[((56078355, 56078353, 0), 0), ((56078353, 56078355, 0), 14), ((56078355, 56078358, 0), 20), ((56078358, 56128284, 0), 62), ((56128284, 56043059, 0), 70), ((56043059, 56034511, 0), 77), ((56034511, 56043053, 0), 118), ((56043053, 56043052, 0), 121), ((56043052, 56031468, 0), 126), ((56031468, 356602156, 0), 136), ((356602156, 56072354, 0), 148), ((56072354, 56051480, 0), 154), ((56051480, 56077542, 0), 159), ('GOAL', 56077542, 159)]
25	[((56149943, 56039334, 0), 0), ((56039334, 56104572, 0), 1), ((56104572, 56093408, 0), 7), ((56093408, 56093401, 0), 9), ((56093401, 56104564, 0), 18), ((56104564, 56104562, 0), 20), ((56104562, 56034978, 0), 24), ((56034978, 3601261899, 0), 39), ((3601261899, 56034980, 0), 48), ((56034980, 56129707, 0), 55), ((56129707, 56129711, 0), 71), ((56129711, 56117906, 0), 113), ((56117906, 56056984, 0), 119), ((56056984, 56017932, 0), 132), ((56017932, 1816389670, 0), 143), ((1816389670, 56117917, 0), 152), ((56117917, 1816389675, 0), 158), ((1816389675, 56078060, 0), 162), ((56078060, 56089596, 0), 181), ((56089596, 4926534419, 0), 192), ((4926534419, 56117114, 0), 206), ((56117114, 56017876, 0), 207), ((56017876, 6887884645, 0), 211), ('GOAL', 6887884645, 211)]
26	[((56104061, 56104058, 0), 0), ((56104058, 56104061, 0), 1), ((56104061, 417257103, 0), 3), ((417257103, 56035282, 0), 8), ((56035282, 56029488, 0), 12), ((56029488, 56102911, 0), 14), ((56102911, 56135939, 0), 17), ('GOAL', 56135939, 17)]
27	[((2191283249, 2191283184, 0), 0), ((2191283184, 2191283180, 0), 1), ((2191283180, 356605288, 0), 2), ((356605288, 356605287, 0), 9), ((356605287, 356605286, 0), 17), ((356605286, 2191283076, 0), 20), ((2191283076, 2191283087, 0), 28), ((2191283087, 2191282970, 0), 31), ((2191282970, 2191282968, 0), 39), ((2191282968, 56051487, 0), 41), ((56051487, 56096196, 0), 42), ('GOAL', 56096196, 42)]
28	[((3590773738, 3457474235, 0), 0), ((3457474235, 56029943, 0), 1), ((56029943, 56029941, 0), 17), ((56029941, 6616410484, 0), 21), ((6616410484, 56021345, 0), 24), ((56021345, 56030280, 0), 40), ((56030280, 56060421, 0), 43), ((56060421, 7297665396, 0), 59), ((7297665396, 56097863, 0), 66), ((56097863, 7297665435, 0), 72), ((7297665435, 354739241, 0), 73), ('GOAL', 354739241, 73)]
29	[((7300898893, 7300898888, 0), 0), ((7300898888, 56129636, 0), 7), ((56129636, 56034702, 0), 8), ((56034702, 56098153, 0), 16), ((56098153, 56129649, 0), 40), ((56129649, 7297665471, 0), 76), ((7297665471, 7297665472, 0), 82), ((7297665472, 7300898907, 0), 83), ((7300898907, 4923737556, 0), 84), ('GOAL', 4923737556, 84)]
30	[((55950074, 55950078, 0), 0), ((55950078, 55950080, 0), 7), ((55950080, 55950082, 0), 19), ((55950082, 55950084, 0), 36), ((55950084, 55950086, 0), 51), ((55950086, 55973821, 0), 93), ((55973821, 55973815, 0), 96), ((55973815, 55973814, 0), 109), ((55973814, 56046703, 0), 113), ((56046703, 55992321, 0), 119), ((55992321, 56118729, 0), 124), ((56118729, 56073667, 0), 125), ((56073667, 56059324, 0), 285), ((56059324, 56118754, 0), 289), ((56118754, 1878074444, 0), 319), ('GOAL', 1878074444, 319)]
31	[((56113688, 56134013, 0), 0), ((56134013, 56134011, 0), 12), ((56134011, 56059652, 0), 16), ((56059652, 56159397, 0), 24), ((56159397, 56020725, 0), 53), ((56020725, 56072610, 0), 56), ((56072610, 55950563, 0), 97), ((55950563, 56003708, 0), 105), ((56003708, 56093522, 0), 111), ((56093522, 56093529, 0), 126), ((56093529, 56081068, 0), 136), ((56081068, 56081072, 0), 147), ((56081072, 56101610, 0), 169), ((56101610, 56101612, 0), 189), ((56101612, 56094454, 0), 198), ((56094454, 56094457, 0), 222), ((56094457, 6367597430, 0), 226), ((6367597430, 56046952, 0), 259), ('GOAL', 56046952, 259)]
32	[((56040961, 56040954, 0), 0), ((56040954, 56040953, 0), 10), ((56040953, 56021488, 0), 17), ((56021488, 6780134821, 0), 20), ((6780134821, 56131641, 0), 49), ((56131641, 6780134815, 0), 50), ((6780134815, 56034880, 0), 76), ((56034880, 56045060, 0), 79), ((56045060, 6780134818, 0), 91), ((6780134818, 6780134811, 0), 103), ((6780134811, 3711226065, 0), 108), ((3711226065, 3711226062, 0), 119), ((3711226062, 3711226058, 0), 123), ((3711226058, 6320156843, 0), 126), ((6320156843, 6776205179, 0), 132), ('GOAL', 6776205179, 132)]
33	[((6065702297, 6065702295, 0), 0), ((6065702295, 6065702292, 0), 18), ((6065702292, 56082136, 0), 45), ('GOAL', 56082136, 45)]
34	[((56030419, 56030420, 0), 0), ((56030420, 56030419, 0), 15), ((56030419, 56046617, 0), 31), ((56046617, 56046616, 0), 43), ((56046616, 4932110214, 0), 48), ((4932110214, 3292802465, 0), 81), ((3292802465, 56138389, 0), 82), ((56138389, 56092104, 0), 102), ((56092104, 56092105, 0), 113), ((56092105, 56164551, 0), 117), ((56164551, 56102905, 0), 129), ((56102905, 56065547, 0), 142), ((56065547, 56065549, 0), 175), ((56065549, 56097462, 0), 178), ((56097462, 56043015, 0), 181), ((56043015, 56106954, 0), 185), ('GOAL', 56106954, 185)]
35	[((56092125, 56054443, 0), 0), ((56054443, 56054441, 0), 2), ((56054441, 56092119, 0), 7), ((56092119, 56109201, 0), 14), ((56109201, 56109214, 0), 27), ((56109214, 56085075, 0), 33), ((56085075, 56102908, 0), 71), ((56102908, 56054465, 0), 75), ((56054465, 56035302, 0), 81), ((56035302, 56035305, 0), 89), ((56035305, 56035307, 0), 96), ((56035307, 56018543, 0), 100), ((56018543, 56035311, 0), 103), ('GOAL', 56035311, 103)]
36	[((56088917, 3210159390, 0), 0), ((3210159390, 56088917, 0), 3), ((56088917, 56129820, 0), 12), ((56129820, 56147942, 0), 23), ((56147942, 56128862, 0), 31), ((56128862, 56146999, 0), 40), ((56146999, 3292802482, 0), 49), ((3292802482, 56132852, 0), 60), ((56132852, 56074636, 0), 61), ((56074636, 56114153, 0), 67), ((56114153, 56114161, 0), 85), ((56114161, 56138378, 0), 94), ((56138378, 56056056, 0), 100), ('GOAL', 56056056, 100)]
37	[((56029568, 56029566, 0), 0), ((56029566, 56029568, 0), 2), ('GOAL', 56029568, 2)]
38	[((55975981, 55975985, 0), 0), ((55975985, 55975981, 0), 7), ('GOAL', 55975981, 7)]
39	[((3455766778, 56135993, 0), 0), ((56135993, 3455766778, 0), 1), ((3455766778, 765928009, 0), 7), ((765928009, 56092128, 0), 13), ((56092128, 56061630, 0), 17), ((56061630, 56061634, 0), 45), ((56061634, 56061636, 0), 55), ((56061636, 56061638, 0), 63), ((56061638, 56119727, 0), 80), ((56119727, 56056128, 0), 88), ((56056128, 56056131, 0), 92), ((56056131, 56097593, 0), 106), ((56097593, 56123860, 0), 111), ((56123860, 56093946, 0), 115), ('GOAL', 56093946, 115)]
40	[((56169646, 56169646, 1), 0), ((56169646, 56147942, 0), 13), ((56147942, 56128862, 0), 23), ((56128862, 56146999, 0), 31), ((56146999, 3292802482, 0), 41), ((3292802482, 56132852, 0), 51), ((56132852, 56074636, 0), 53), ((56074636, 56114153, 0), 59), ((56114153, 56114161, 0), 77), ((56114161, 56138378, 0), 86), ((56138378, 56056056, 0), 92), ('GOAL', 56056056, 92)]
41	[((56120171, 56100949, 0), 0), ((56100949, 56149769, 0), 14), ((56149769, 56071408, 0), 23), ((56071408, 56058036, 0), 24), ((56058036, 56058042, 0), 53), ((56058042, 56058044, 0), 60), ('GOAL', 56058044, 60)]
42	[((56030532, 56030536, 0), 0), ((56030536, 56030544, 0), 3), ((56030544, 56072633, 0), 5), ((56072633, 56072635, 0), 10), ((56072635, 56072636, 0), 25), ((56072636, 56072641, 0), 29), ((56072641, 56072643, 0), 31), ((56072643, 56072645, 0), 32), ((56072645, 7295068021, 0), 42), ((7295068021, 7295068022, 0), 52), ((7295068022, 7295068015, 0), 53), ((7295068015, 56093548, 0), 65), ((56093548, 4923908520, 0), 86), ((4923908520, 56073414, 0), 92), ((56073414, 56055131, 0), 99), ((56055131, 6616410474, 0), 105), ((6616410474, 6616410484, 0), 107), ((6616410484, 56021345, 0), 114), ((56021345, 56030280, 0), 129), ((56030280, 56060421, 0), 132), ((56060421, 7297665396, 0), 149), ((7297665396, 56097863, 0), 156), ((56097863, 7297665435, 0), 162), ((7297665435, 354739241, 0), 163), ('GOAL', 354739241, 163)]
43	[((56026589, 300787627, 0), 0), ((300787627, 56026589, 0), 2), ((56026589, 56026586, 0), 7), ((56026586, 56026584, 0), 20), ((56026584, 56026582, 0), 24), ((56026582, 56026580, 0), 30), ((56026580, 56103085, 0), 34), ((56103085, 56128278, 0), 41), ((56128278, 56130144, 0), 46), ((56130144, 56043052, 0), 50), ((56043052, 56031468, 0), 53), ((56031468, 356602156, 0), 63), ((356602156, 56072354, 0), 75), ((56072354, 56051480, 0), 81), ((56051480, 56077542, 0), 86), ('GOAL', 56077542, 86)]
44	[((56033014, 56033013, 1), 0), ((56033013, 56033014, 0), 4), ((56033014, 56033017, 0), 7), ((56033017, 56020420, 0), 17), ((56020420, 56018807, 0), 27), ((56018807, 7287418795, 0), 31), ((7287418795, 2705187493, 0), 50), ((2705187493, 56024770, 0), 53), ((56024770, 1701108322, 0), 68), ((1701108322, 56032790, 0), 94), ((56032790, 56044060, 0), 97), ((56044060, 56023919, 0), 105), ((56023919, 56162326, 0), 110), ('GOAL', 56162326, 110)]
45	[((354835343, 4885809664, 0), 0), ((4885809664, 56039897, 0), 10), ((56039897, 2705187144, 0), 11), ((2705187144, 56032817, 0), 19), ((56032817, 4885809671, 0), 20), ((4885809671, 56032808, 0), 21), ((56032808, 56032805, 0), 38), ((56032805, 56014445, 0), 44), ((56014445, 56014463, 0), 63), ((56014463, 56024770, 0), 80), ((56024770, 1701108322, 0), 102), ((1701108322, 56032790, 0), 128), ((56032790, 56044060, 0), 132), ((56044060, 56023919, 0), 141), ((56023919, 56162326, 0), 146), ('GOAL', 56162326, 146)]
46	[((6614981136, 6614981130, 0), 0), ((6614981130, 6614981136, 0), 4), ((6614981136, 56171408, 0), 14), ((56171408, 6614981110, 0), 17), ((6614981110, 2868373147, 0), 28), ((2868373147, 56145013, 0), 34), ((56145013, 56046962, 0), 38), ('GOAL', 56046962, 38)]
47	[((765928009, 3455766778, 0), 0), ((3455766778, 765928009, 0), 2), ((765928009, 56092128, 0), 8), ((56092128, 56061630, 0), 12), ((56061630, 56061634, 0), 40), ((56061634, 56061636, 0), 50), ((56061636, 56061638, 0), 58), ((56061638, 56119727, 0), 75), ((56119727, 56056128, 0), 83), ((56056128, 56056131, 0), 87), ((56056131, 56056132, 0), 101), ((56056132, 56056134, 0), 104), ((56056134, 56056136, 0), 106), ((56056136, 56036345, 0), 108), ('GOAL', 56036345, 108)]
48	[((56017911, 56017916, 0), 0), ((56017916, 56017911, 0), 7), ((56017911, 56089602, 0), 13), ((56089602, 56069506, 0), 22), ((56069506, 56089608, 0), 26), ((56089608, 56082150, 0), 33), ((56082150, 56089611, 0), 37), ((56089611, 1816389841, 0), 38), ((1816389841, 56109052, 0), 42), ((56109052, 1816389845, 0), 43), ((1816389845, 1816389848, 0), 44), ((1816389848, 1816389850, 0), 51), ((1816389850, 56109058, 0), 63), ('GOAL', 56109058, 63)]
49	[((56043112, 56043120, 0), 0), ((56043120, 56043121, 0), 1), ((56043121, 56132228, 0), 4), ((56132228, 56048001, 0), 8), ((56048001, 7304925997, 0), 17), ((7304925997, 4925979291, 0), 24), ((4925979291, 56093683, 0), 36), ((56093683, 56040078, 0), 40), ((56040078, 56098323, 0), 47), ((56098323, 56062531, 0), 51), ((56062531, 56098326, 0), 55), ((56098326, 56144300, 0), 60), ((56144300, 56059531, 0), 64), ((56059531, 56059534, 0), 73), ((56059534, 56172595, 0), 78), ((56172595, 56068855, 0), 90), ((56068855, 300789904, 0), 92), ((300789904, 56061253, 0), 97), ((56061253, 56129327, 0), 99), ((56129327, 56056526, 0), 104), ((56056526, 56104045, 0), 107), ((56104045, 56030417, 0), 109), ((56030417, 56046616, 0), 112), ((56046616, 4932110214, 0), 116), ((4932110214, 3292802465, 0), 148), ((3292802465, 56132852, 0), 149), ((56132852, 56074636, 0), 192), ((56074636, 56114153, 0), 198), ((56114153, 56114161, 0), 216), ((56114161, 56138378, 0), 224), ((56138378, 56056056, 0), 230), ('GOAL', 56056056, 230)]
50	[((356608037, 56069849, 0), 0), ((56069849, 56030728, 0), 2), ((56030728, 56030726, 0), 5), ((56030726, 55983739, 0), 8), ((55983739, 55983742, 0), 12), ((55983742, 55983746, 0), 20), ((55983746, 339258709, 0), 24), ((339258709, 300787461, 0), 39), ((300787461, 354739682, 0), 55), ((354739682, 29892721, 0), 79), ((29892721, 354418673, 0), 90), ((354418673, 56009424, 0), 104), ('GOAL', 56009424, 104)]
51	[((56169646, 56147942, 0), 0), ((56147942, 56128862, 0), 10), ((56128862, 56146999, 0), 18), ((56146999, 3292802482, 0), 28), ((3292802482, 56132852, 0), 38), ((56132852, 56074636, 0), 40), ((56074636, 56114153, 0), 46), ((56114153, 56114161, 0), 64), ((56114161, 56138378, 0), 73), ((56138378, 56056056, 0), 79), ('GOAL', 56056056, 79)]
52	[((55965990, 56014446, 0), 0), ((56014446, 56014463, 0), 20), ((56014463, 56024770, 0), 33), ((56024770, 1701108322, 0), 55), ((1701108322, 56032790, 0), 81), ((56032790, 56044060, 0), 85), ((56044060, 56023919, 0), 94), ((56023919, 56162326, 0), 99), ('GOAL', 56162326, 99)]
53	[((56020421, 56020428, 0), 0), ((56020428, 56020421, 0), 10), ((56020421, 56020420, 0), 71), ((56020420, 56018807, 0), 73), ((56018807, 7287418795, 0), 77), ((7287418795, 2705187493, 0), 96), ((2705187493, 56024770, 0), 99), ((56024770, 1701108322, 0), 113), ((1701108322, 56032790, 0), 139), ((56032790, 56044060, 0), 143), ((56044060, 56023919, 0), 152), ((56023919, 56162326, 0), 157), ('GOAL', 56162326, 157)]
54	[((56051235, 56118721, 0), 0), ((56118721, 56104052, 0), 15), ((56104052, 56046619, 0), 17), ((56046619, 56046617, 0), 35), ((56046617, 56046616, 0), 65), ((56046616, 4932110214, 0), 70), ((4932110214, 3292802465, 0), 103), ((3292802465, 56138389, 0), 104), ((56138389, 56092104, 0), 124), ((56092104, 56092105, 0), 135), ((56092105, 56164551, 0), 139), ((56164551, 56102905, 0), 151), ((56102905, 56065547, 0), 164), ((56065547, 56065549, 0), 197), ((56065549, 56097462, 0), 200), ((56097462, 56043015, 0), 203), ((56043015, 56106954, 0), 207), ('GOAL', 56106954, 207)]
55	[((56017918, 56051940, 0), 0), ((56051940, 56017918, 0), 2), ((56017918, 354830927, 0), 14), ((354830927, 56078060, 0), 25), ((56078060, 56089596, 0), 28), ((56089596, 4926534419, 0), 39), ((4926534419, 56117114, 0), 53), ((56117114, 56017876, 0), 54), ((56017876, 6887884645, 0), 58), ('GOAL', 6887884645, 58)]
56	[((2868373147, 6614981110, 0), 0), ((6614981110, 2868373147, 0), 6), ((2868373147, 56145013, 0), 11), ((56145013, 56046962, 0), 15), ('GOAL', 56046962, 15)]
57	[((56029565, 56035106, 0), 0), ((56035106, 56029565, 0), 1), ((56029565, 56029566, 0), 10), ((56029566, 56029568, 0), 18), ('GOAL', 56029568, 18)]
58	[((56113470, 56020701, 0), 0), ((56020701, 56020702, 0), 14), ((56020702, 56020704, 0), 20), ((56020704, 56152123, 0), 24), ((56152123, 56078353, 0), 29), ((56078353, 56078355, 0), 34), ((56078355, 56078358, 0), 40), ((56078358, 56128284, 0), 82), ((56128284, 56043059, 0), 91), ((56043059, 56034511, 0), 96), ((56034511, 56043053, 0), 137), ((56043053, 56043052, 0), 140), ((56043052, 56031468, 0), 145), ((56031468, 356602156, 0), 155), ((356602156, 56072354, 0), 167), ((56072354, 56051480, 0), 173), ((56051480, 56077542, 0), 178), ('GOAL', 56077542, 178)]
59	[((4923610954, 4923610944, 0), 0), ((4923610944, 4923610954, 0), 1), ((4923610954, 56038919, 0), 2), ((56038919, 56038927, 0), 3), ((56038927, 56039624, 0), 7), ((56039624, 56057203, 0), 20), ((56057203, 56125799, 0), 25), ((56125799, 56122570, 0), 50), ((56122570, 56102020, 0), 59), ((56102020, 56093736, 0), 67), ((56093736, 56065518, 0), 78), ((56065518, 56055165, 0), 80), ((56055165, 56065527, 0), 84), ((56065527, 56114662, 0), 91), ('GOAL', 56114662, 91)]
60	[((56036794, 56020660, 0), 0), ((56020660, 56135262, 0), 1), ((56135262, 56056067, 0), 5), ((56056067, 56056082, 0), 8), ((56056082, 2471339611, 0), 22), ((2471339611, 56172525, 0), 26), ((56172525, 56032805, 0), 41), ((56032805, 56014445, 0), 48), ((56014445, 56014463, 0), 67), ((56014463, 56024770, 0), 84), ((56024770, 1701108322, 0), 106), ((1701108322, 56032790, 0), 132), ((56032790, 56044060, 0), 136), ((56044060, 56023919, 0), 145), ((56023919, 56162326, 0), 149), ('GOAL', 56162326, 149)]
61	[((56027706, 56027710, 0), 0), ((56027710, 56027706, 0), 6), ((56027706, 56027704, 0), 12), ((56027704, 56072602, 0), 13), ((56072602, 56072598, 0), 22), ((56072598, 56072596, 0), 33), ((56072596, 1060564973, 0), 34), ((1060564973, 56074879, 0), 36), ((56074879, 55983739, 0), 54), ((55983739, 55983742, 0), 63), ((55983742, 55983746, 0), 72), ((55983746, 339258709, 0), 76), ((339258709, 300787461, 0), 91), ((300787461, 354739682, 0), 107), ((354739682, 29892721, 0), 130), ((29892721, 354418673, 0), 142), ((354418673, 56009424, 0), 156), ('GOAL', 56009424, 156)]
62	[((56078358, 56078355, 0), 0), ((56078355, 56078358, 0), 29), ((56078358, 56128284, 0), 72), ((56128284, 56043059, 0), 80), ((56043059, 56034511, 0), 87), ((56034511, 56043053, 0), 128), ((56043053, 56043052, 0), 131), ((56043052, 56031468, 0), 136), ((56031468, 356602156, 0), 146), ((356602156, 56072354, 0), 158), ((56072354, 56051480, 0), 164), ((56051480, 56077542, 0), 169), ('GOAL', 56077542, 169)]
63	[((56131669, 56146389, 0), 0), ((56146389, 56131669, 0), 2), ((56131669, 56040801, 0), 4), ((56040801, 7049316375, 0), 8), ((7049316375, 56072571, 0), 12), ((56072571, 5967827272, 0), 13), ((5967827272, 56093153, 0), 22), ((56093153, 6780134822, 0), 39), ((6780134822, 5964494955, 0), 49), ((5964494955, 56131641, 0), 50), ((56131641, 6780134815, 0), 57), ((6780134815, 56034880, 0), 84), ((56034880, 56045060, 0), 87), ((56045060, 6780134818, 0), 99), ((6780134818, 6780134811, 0), 111), ((6780134811, 3711226065, 0), 116), ((3711226065, 3711226062, 0), 127), ((3711226062, 3711226058, 0), 131), ((3711226058, 6320156843, 0), 134), ((6320156843, 6776205179, 0), 140), ('GOAL', 6776205179, 140)]
64	[((56064796, 2191283423, 0), 0), ((2191283423, 4077326024, 0), 9), ((4077326024, 56017227, 0), 23), ((56017227, 56093882, 0), 30), ((56093882, 56030470, 0), 35), ((56030470, 56030472, 0), 54), ((56030472, 2191283277, 0), 60), ((2191283277, 2191283249, 0), 69), ((2191283249, 2191283180, 0), 85), ((2191283180, 356605288, 0), 95), ((356605288, 356605287, 0), 102), ((356605287, 356605286, 0), 110), ((356605286, 2191283076, 0), 113), ((2191283076, 2191283087, 0), 121), ((2191283087, 2191282970, 0), 123), ((2191282970, 2191282968, 0), 131), ((2191282968, 56051487, 0), 133), ((56051487, 56096196, 0), 135), ('GOAL', 56096196, 135)]
65	[((56131839, 56131836, 1), 0), ((56131836, 56080186, 0), 13), ((56080186, 3997909055, 0), 34), ((3997909055, 56076870, 0), 36), ((56076870, 56072579, 0), 40), ((56072579, 56043926, 0), 48), ((56043926, 56080199, 0), 54), ((56080199, 56030011, 0), 67), ((56030011, 56080206, 0), 72), ((56080206, 56080208, 0), 80), ((56080208, 56068232, 0), 83), ((56068232, 56080209, 0), 86), ((56080209, 56080211, 0), 91), ((56080211, 3711228636, 0), 100), ((3711228636, 56080213, 0), 108), ((56080213, 56080215, 0), 120), ((56080215, 56080219, 0), 138), ((56080219, 56080223, 0), 153), ((56080223, 56080225, 0), 155), ((56080225, 6761116335, 0), 161), ((6761116335, 56053360, 0), 164), ((56053360, 3642813020, 0), 175), ((3642813020, 56058856, 0), 177), ((56058856, 3642813022, 0), 179), ((3642813022, 3642813021, 0), 180), ((3642813021, 3642813019, 0), 182), ((3642813019, 3642813018, 0), 184), ((3642813018, 56043792, 0), 185), ((56043792, 56080242, 0), 192), ('GOAL', 56080242, 192)]
66	[((56036794, 56161540, 0), 0), ((56161540, 56032819, 0), 13), ((56032819, 1701101500, 0), 20), ((1701101500, 1701101496, 0), 23), ((1701101496, 56032817, 0), 24), ((56032817, 4885809671, 0), 29), ((4885809671, 56032808, 0), 30), ((56032808, 56032805, 0), 47), ((56032805, 56014445, 0), 53), ((56014445, 56014463, 0), 72), ((56014463, 56024770, 0), 89), ((56024770, 1701108322, 0), 111), ((1701108322, 56032790, 0), 137), ((56032790, 56044060, 0), 141), ((56044060, 56023919, 0), 149), ((56023919, 56162326, 0), 154), ('GOAL', 56162326, 154)]
67	[((56059310, 56059308, 0), 0), ((56059308, 56053364, 0), 6), ((56053364, 56026026, 0), 11), ((56026026, 56053361, 0), 14), ((56053361, 56025696, 0), 16), ((56025696, 56053360, 0), 19), ((56053360, 3642813020, 0), 23), ((3642813020, 56058856, 0), 26), ((56058856, 3642813022, 0), 28), ((3642813022, 3642813021, 0), 29), ((3642813021, 3642813019, 0), 31), ((3642813019, 3642813018, 0), 33), ((3642813018, 56043792, 0), 34), ((56043792, 56080242, 0), 41), ('GOAL', 56080242, 41)]
68	[((56136028, 56024274, 0), 0), ((56024274, 56113347, 0), 3), ((56113347, 3782546864, 0), 8), ((3782546864, 56093802, 0), 13), ((56093802, 356609226, 0), 34), ((356609226, 3708482497, 0), 37), ((3708482497, 7206463970, 0), 38), ((7206463970, 56032844, 0), 39), ((56032844, 56089422, 0), 44), ((56089422, 56089423, 0), 67), ((56089423, 56089425, 0), 69), ((56089425, 56089427, 0), 72), ((56089427, 56089431, 0), 76), ((56089431, 56089435, 0), 80), ((56089435, 56030604, 0), 86), ((56030604, 3782568103, 0), 100), ((3782568103, 56089442, 0), 101), ('GOAL', 56089442, 101)]
69	[((56020675, 412171977, 0), 0), ((412171977, 56020675, 0), 2), ((56020675, 56020671, 0), 5), ((56020671, 4885818252, 0), 10), ((4885818252, 4885818232, 0), 21), ((4885818232, 4885818230, 0), 25), ((4885818230, 56020660, 0), 26), ((56020660, 56135262, 0), 28), ((56135262, 56056067, 0), 32), ((56056067, 56056082, 0), 34), ((56056082, 2471339611, 0), 50), ((2471339611, 56172525, 0), 53), ((56172525, 56032805, 0), 69), ((56032805, 56014445, 0), 75), ((56014445, 56014463, 0), 94), ((56014463, 56024770, 0), 111), ((56024770, 1701108322, 0), 133), ((1701108322, 56032790, 0), 159), ((56032790, 56044060, 0), 163), ((56044060, 56023919, 0), 172), ((56023919, 56162326, 0), 177), ('GOAL', 56162326, 177)]
70	[((56130585, 56034704, 0), 0), ((56034704, 7300898897, 0), 7), ((7300898897, 56098153, 0), 27), ((56098153, 56129649, 0), 28), ((56129649, 7297665471, 0), 64), ((7297665471, 7297665472, 0), 70), ((7297665472, 7300898907, 0), 71), ((7300898907, 4923737556, 0), 72), ('GOAL', 4923737556, 72)]
71	[((56024349, 56024348, 0), 0), ((56024348, 56043982, 0), 3), ((56043982, 56093686, 0), 9), ((56093686, 56042115, 0), 28), ((56042115, 56042079, 0), 31), ((56042079, 56136231, 0), 32), ((56136231, 56062539, 0), 35), ((56062539, 56061245, 0), 39), ((56061245, 56061246, 0), 42), ((56061246, 56061248, 0), 47), ((56061248, 56022315, 0), 57), ((56022315, 7290324381, 0), 60), ((7290324381, 7290364996, 0), 64), ((7290364996, 56061252, 0), 67), ((56061252, 56061253, 0), 68), ((56061253, 56129327, 0), 69), ((56129327, 56056526, 0), 74), ((56056526, 56104045, 0), 77), ((56104045, 56030417, 0), 79), ((56030417, 56046616, 0), 82), ((56046616, 4932110214, 0), 86), ((4932110214, 3292802465, 0), 119), ((3292802465, 56138389, 0), 120), ((56138389, 56092104, 0), 140), ((56092104, 56092105, 0), 151), ((56092105, 56164551, 0), 155), ((56164551, 56102905, 0), 167), ((56102905, 56065547, 0), 180), ((56065547, 56065549, 0), 213), ((56065549, 56097462, 0), 216), ((56097462, 56043015, 0), 219), ((56043015, 56106954, 0), 223), ('GOAL', 56106954, 223)]
72	[((56022536, 2470115387, 0), 0), ((2470115387, 56022536, 0), 4), ((56022536, 56026035, 0), 10), ((56026035, 56026036, 0), 13), ((56026036, 56048609, 0), 16), ((56048609, 56143741, 0), 24), ((56143741, 56110483, 0), 33), ('GOAL', 56110483, 33)]
73	[((56071714, 56071720, 0), 0), ((56071720, 56071721, 0), 6), ((56071721, 56026806, 0), 9), ((56026806, 56089588, 0), 14), ((56089588, 56089590, 0), 17), ((56089590, 56089592, 0), 24), ((56089592, 56089594, 0), 28), ((56089594, 56051935, 0), 31), ((56051935, 56089596, 0), 35), ((56089596, 4926534419, 0), 44), ((4926534419, 56117114, 0), 59), ((56117114, 56017876, 0), 61), ((56017876, 6887884645, 0), 64), ('GOAL', 6887884645, 64)]
74	[((56082136, 56093575, 0), 0), ((56093575, 6065702292, 0), 6), ((6065702292, 56082136, 0), 7), ('GOAL', 56082136, 7)]
75	[((56054706, 56054704, 0), 0), ((56054704, 56054706, 0), 2), ((56054706, 56097568, 0), 6), ((56097568, 56129711, 0), 9), ((56129711, 56117906, 0), 26), ((56117906, 56056984, 0), 32), ((56056984, 56017932, 0), 44), ((56017932, 1816389670, 0), 56), ((1816389670, 56117917, 0), 65), ((56117917, 1816389675, 0), 71), ((1816389675, 56078060, 0), 75), ((56078060, 56089596, 0), 95), ((56089596, 4926534419, 0), 105), ((4926534419, 56117114, 0), 120), ((56117114, 56017876, 0), 122), ((56017876, 6887884645, 0), 125), ('GOAL', 6887884645, 125)]
76	[((56043053, 56034511, 0), 0), ((56034511, 56043053, 0), 1), ((56043053, 56043052, 0), 4), ((56043052, 56031468, 0), 9), ((56031468, 356602156, 0), 19), ((356602156, 56072354, 0), 31), ((56072354, 56051480, 0), 37), ((56051480, 56077542, 0), 42), ('GOAL', 56077542, 42)]
77	[((56146958, 56146958, 0), 0), ((56146958, 6702631847, 0), 8), ((6702631847, 56146999, 0), 13), ((56146999, 3292802482, 0), 16), ((3292802482, 56132852, 0), 26), ((56132852, 56074636, 0), 27), ((56074636, 56114153, 0), 33), ((56114153, 56114161, 0), 51), ((56114161, 56138378, 0), 60), ((56138378, 56056056, 0), 66), ('GOAL', 56056056, 66)]
78	[((56048573, 56048572, 0), 0), ((56048572, 56048573, 0), 1), ((56048573, 55974138, 0), 3), ('GOAL', 55974138, 3)]
79	[((56019515, 56055149, 0), 0), ((56055149, 56055193, 0), 1), ('GOAL', 56055193, 1)]
80	[((56026807, 56026806, 0), 0), ((56026806, 56089588, 0), 1), ((56089588, 56089590, 0), 4), ((56089590, 56089592, 0), 10), ((56089592, 56089594, 0), 14), ((56089594, 56051935, 0), 16), ((56051935, 56089596, 0), 22), ((56089596, 4926534419, 0), 31), ((4926534419, 56117114, 0), 46), ((56117114, 56017876, 0), 48), ((56017876, 6887884645, 0), 51), ('GOAL', 6887884645, 51)]
81	[((55950083, 6717763445, 0), 0), ((6717763445, 6629558310, 0), 9), ((6629558310, 56084781, 0), 15), ((56084781, 4926362912, 0), 16), ((4926362912, 56027134, 0), 17), ((56027134, 56117896, 0), 18), ((56117896, 56117897, 0), 27), ((56117897, 56036557, 0), 31), ((56036557, 56117906, 0), 40), ((56117906, 56056984, 0), 66), ((56056984, 56017932, 0), 79), ((56017932, 1816389670, 0), 90), ((1816389670, 56117917, 0), 99), ((56117917, 1816389675, 0), 105), ((1816389675, 56078060, 0), 109), ((56078060, 56089596, 0), 128), ((56089596, 4926534419, 0), 139), ((4926534419, 56117114, 0), 153), ((56117114, 56017876, 0), 154), ((56017876, 6887884645, 0), 158), ('GOAL', 6887884645, 158)]
82	[((56122995, 56122997, 0), 0), ((56122997, 56122995, 0), 3), ((56122995, 56024336, 0), 6), ((56024336, 56122992, 0), 15), ((56122992, 56122990, 0), 21), ((56122990, 56043110, 0), 28), ((56043110, 56136227, 0), 35), ((56136227, 7290324330, 0), 39), ((7290324330, 56043982, 0), 44), ((56043982, 56093686, 0), 52), ((56093686, 56042115, 0), 74), ((56042115, 56042079, 0), 76), ((56042079, 56136231, 0), 78), ((56136231, 56062539, 0), 81), ((56062539, 56061245, 0), 85), ((56061245, 56061246, 0), 88), ((56061246, 56061248, 0), 93), ((56061248, 56022315, 0), 103), ((56022315, 7290324381, 0), 106), ((7290324381, 7290364996, 0), 110), ((7290364996, 56061252, 0), 113), ((56061252, 56061253, 0), 114), ((56061253, 56129327, 0), 115), ((56129327, 56056526, 0), 120), ((56056526, 56104045, 0), 123), ((56104045, 56030417, 0), 125), ((56030417, 56046616, 0), 128), ((56046616, 4932110214, 0), 132), ((4932110214, 3292802465, 0), 165), ((3292802465, 56132852, 0), 166), ((56132852, 56074636, 0), 209), ((56074636, 56114153, 0), 215), ((56114153, 56114161, 0), 233), ((56114161, 56138378, 0), 241), ((56138378, 56056056, 0), 247), ('GOAL', 56056056, 247)]
83	[((56124661, 56040629, 0), 0), ((56040629, 56040627, 0), 1), ((56040627, 56117917, 0), 5), ((56117917, 1816389675, 0), 13), ((1816389675, 56078060, 0), 17), ((56078060, 56089596, 0), 37), ((56089596, 4926534419, 0), 47), ((4926534419, 56117114, 0), 63), ((56117114, 56017876, 0), 64), ((56017876, 6887884645, 0), 68), ('GOAL', 6887884645, 68)]
84	[((56061964, 765892268, 0), 0), ((765892268, 56061964, 0), 4), ((56061964, 56061931, 0), 6), ((56061931, 56071900, 0), 10), ((56071900, 55956917, 0), 29), ((55956917, 56059850, 0), 33), ((56059850, 56155755, 0), 48), ((56155755, 56166251, 0), 62), ((56166251, 56122123, 0), 74), ((56122123, 3455731191, 0), 120), ((3455731191, 56043335, 0), 142), ((56043335, 56043338, 0), 187), ((56043338, 56043341, 0), 191), ((56043341, 56043347, 0), 200), ((56043347, 56043355, 0), 208), ('GOAL', 56043355, 208)]
85	[((56034430, 56034434, 0), 0), ((56034434, 56034430, 0), 2), ((56034430, 56034427, 0), 5), ((56034427, 56029952, 0), 12), ((56029952, 56029947, 0), 15), ((56029947, 56030273, 0), 32), ((56030273, 56021344, 0), 41), ((56021344, 56030280, 0), 44), ((56030280, 56060421, 0), 62), ((56060421, 7297665396, 0), 79), ((7297665396, 56097863, 0), 85), ((56097863, 7297665435, 0), 92), ((7297665435, 354739241, 0), 93), ('GOAL', 354739241, 93)]
86	[((56136227, 56024344, 0), 0), ((56024344, 56024346, 0), 7), ((56024346, 56024348, 0), 10), ((56024348, 56043982, 0), 16), ((56043982, 56093686, 0), 21), ((56093686, 56042115, 0), 42), ((56042115, 56042079, 0), 45), ((56042079, 56136231, 0), 46), ((56136231, 56062539, 0), 49), ((56062539, 56061245, 0), 53), ((56061245, 56061246, 0), 56), ((56061246, 56061248, 0), 61), ((56061248, 56022315, 0), 71), ((56022315, 7290324381, 0), 74), ((7290324381, 7290364996, 0), 78), ((7290364996, 56061252, 0), 81), ((56061252, 56061253, 0), 82), ((56061253, 56129327, 0), 83), ((56129327, 56056526, 0), 88), ((56056526, 56104045, 0), 91), ((56104045, 56030417, 0), 93), ((56030417, 56046616, 0), 96), ((56046616, 4932110214, 0), 100), ((4932110214, 3292802465, 0), 133), ((3292802465, 56138389, 0), 134), ((56138389, 56092104, 0), 154), ((56092104, 56092105, 0), 165), ((56092105, 56164551, 0), 169), ((56164551, 56102905, 0), 181), ((56102905, 56065547, 0), 194), ((56065547, 56065549, 0), 227), ((56065549, 56097462, 0), 230), ((56097462, 56043015, 0), 233), ((56043015, 56106954, 0), 237), ('GOAL', 56106954, 237)]
87	[((56026076, 56050022, 0), 0), ((56050022, 56050021, 0), 1), ((56050021, 56038618, 0), 5), ((56038618, 3590773738, 0), 15), ((3590773738, 3457474235, 0), 18), ((3457474235, 56029943, 0), 31), ((56029943, 56029941, 0), 47), ((56029941, 6616410484, 0), 51), ((6616410484, 56021345, 0), 54), ((56021345, 56030280, 0), 70), ((56030280, 56060421, 0), 73), ((56060421, 7297665396, 0), 89), ((7297665396, 56097863, 0), 96), ((56097863, 7297665435, 0), 102), ((7297665435, 354739241, 0), 103), ('GOAL', 354739241, 103)]
88	[((56050066, 6512702079, 0), 0), ((6512702079, 56026670, 0), 4), ((56026670, 55981862, 0), 19), ((55981862, 55981850, 0), 26), ((55981850, 56026675, 0), 30), ((56026675, 56026678, 0), 41), ((56026678, 56026680, 0), 45), ((56026680, 56026682, 0), 65), ((56026682, 56023682, 0), 70), ((56023682, 55975985, 0), 73), ((55975985, 55975981, 0), 74), ('GOAL', 55975981, 74)]
89	[((1285543576, 1285543533, 0), 0), ((1285543533, 1285543576, 0), 2), ((1285543576, 7297665455, 0), 4), ((7297665455, 7297665435, 0), 5), ((7297665435, 354739241, 0), 18), ('GOAL', 354739241, 18)]
90	[((56033008, 56033010, 0), 0), ((56033010, 56033013, 0), 2), ((56033013, 56033014, 0), 8), ((56033014, 56033017, 0), 11), ((56033017, 56020420, 0), 22), ((56020420, 56018807, 0), 32), ((56018807, 7287418795, 0), 36), ((7287418795, 2705187493, 0), 55), ((2705187493, 56024770, 0), 58), ((56024770, 1701108322, 0), 73), ((1701108322, 56032790, 0), 99), ((56032790, 56044060, 0), 102), ((56044060, 56023919, 0), 110), ((56023919, 56162326, 0), 115), ('GOAL', 56162326, 115)]
91	[((7919004447, 56146566, 0), 0), ((56146566, 56146549, 0), 4), ((56146549, 56031877, 0), 17), ((56031877, 3782546565, 0), 22), ((3782546565, 56105565, 0), 34), ((56105565, 56129820, 0), 47), ((56129820, 56147942, 0), 58), ((56147942, 56128862, 0), 67), ((56128862, 56146999, 0), 75), ((56146999, 3292802482, 0), 85), ((3292802482, 56132852, 0), 95), ((56132852, 56074636, 0), 97), ((56074636, 56114153, 0), 103), ((56114153, 56114161, 0), 121), ((56114161, 56138378, 0), 130), ((56138378, 56056056, 0), 136), ('GOAL', 56056056, 136)]
92	[((1816390050, 1816389961, 0), 0), ((1816389961, 56109041, 0), 12), ((56109041, 56063826, 0), 14), ((56063826, 56066493, 0), 17), ((56066493, 56093372, 0), 36), ((56093372, 6380546454, 0), 40), ((6380546454, 6380546452, 0), 45), ((6380546452, 6380546450, 0), 50), ((6380546450, 6380546451, 0), 52), ((6380546451, 1816389916, 0), 56), ((1816389916, 1816389919, 0), 59), ((1816389919, 1816389848, 0), 62), ((1816389848, 1816389850, 0), 81), ((1816389850, 56109058, 0), 93), ('GOAL', 56109058, 93)]
93	[((55950563, 55950561, 0), 0), ((55950561, 56164891, 0), 13), ((56164891, 56125787, 0), 31), ((56125787, 7295068021, 0), 46), ((7295068021, 7295068022, 0), 47), ((7295068022, 7295068015, 0), 49), ((7295068015, 56093548, 0), 60), ((56093548, 4923908520, 0), 82), ((4923908520, 56073414, 0), 88), ((56073414, 56055131, 0), 95), ((56055131, 6616410474, 0), 100), ((6616410474, 6616410484, 0), 102), ((6616410484, 56021345, 0), 109), ((56021345, 56030280, 0), 125), ((56030280, 56060421, 0), 128), ((56060421, 7297665396, 0), 144), ((7297665396, 56097863, 0), 151), ((56097863, 7297665435, 0), 157), ((7297665435, 354739241, 0), 158), ('GOAL', 354739241, 158)]
94	[((3642813010, 3642813019, 0), 0), ((3642813019, 3642813018, 0), 2), ((3642813018, 56043792, 0), 4), ((56043792, 56080242, 0), 9), ('GOAL', 56080242, 9)]
95	[((56102135, 56070222, 0), 0), ((56070222, 56070223, 0), 9), ((56070223, 3639678727, 0), 13), ((3639678727, 56075066, 0), 31), ((56075066, 56159839, 0), 47), ((56159839, 56150152, 0), 57), ((56150152, 56159858, 0), 61), ((56159858, 1701101592, 0), 105), ((1701101592, 1701101498, 0), 109), ((1701101498, 1701101500, 0), 121), ((1701101500, 1701101496, 0), 122), ((1701101496, 56032817, 0), 123), ((56032817, 4885809671, 0), 128), ((4885809671, 56032808, 0), 129), ((56032808, 56032805, 0), 146), ((56032805, 56014445, 0), 152), ((56014445, 56014463, 0), 170), ((56014463, 56024770, 0), 188), ((56024770, 1701108322, 0), 210), ((1701108322, 56032790, 0), 236), ((56032790, 56044060, 0), 240), ((56044060, 56023919, 0), 248), ((56023919, 56162326, 0), 253), ('GOAL', 56162326, 253)]
96	[((56061124, 56090900, 0), 0), ((56090900, 56061124, 0), 2), ((56061124, 56144298, 0), 10), ((56144298, 56130750, 0), 11), ((56130750, 56018579, 0), 13), ((56018579, 56130754, 0), 20), ((56130754, 56062256, 0), 25), ((56062256, 56059570, 0), 28), ((56059570, 56059571, 0), 43), ((56059571, 56059573, 0), 48), ((56059573, 56059574, 0), 60), ((56059574, 56080006, 0), 64), ((56080006, 56065714, 0), 68), ((56065714, 56049930, 0), 70), ((56049930, 56049932, 0), 78), ((56049932, 56155742, 0), 81), ((56155742, 56092105, 0), 100), ((56092105, 56164551, 0), 113), ((56164551, 56102905, 0), 125), ((56102905, 56065547, 0), 138), ((56065547, 56065549, 0), 172), ((56065549, 56097462, 0), 175), ((56097462, 56043015, 0), 178), ((56043015, 56106954, 0), 182), ('GOAL', 56106954, 182)]
97	[((4924228539, 4924228539, 0), 0), ((4924228539, 56034997, 0), 13), ((56034997, 3566984707, 0), 18), ((3566984707, 3566984704, 0), 21), ((3566984704, 356599423, 0), 24), ('GOAL', 356599423, 24)]
98	[((300787951, 300787971, 0), 0), ((300787971, 7295068015, 0), 48), ((7295068015, 56093548, 0), 73), ((56093548, 4923908520, 0), 94), ((4923908520, 56073414, 0), 100), ((56073414, 56055131, 0), 107), ((56055131, 6616410474, 0), 113), ((6616410474, 6616410484, 0), 115), ((6616410484, 56021345, 0), 122), ((56021345, 56030280, 0), 137), ((56030280, 56060421, 0), 140), ((56060421, 7297665396, 0), 157), ((7297665396, 56097863, 0), 163), ((56097863, 7297665435, 0), 170), ((7297665435, 354739241, 0), 171), ('GOAL', 354739241, 171)]
99	[((56132213, 56108605, 0), 0), ((56108605, 56087185, 0), 3), ((56087185, 56087187, 0), 8), ((56087187, 56087189, 0), 15), ((56087189, 56102881, 0), 19), ((56102881, 56043129, 0), 28), ((56043129, 56102883, 0), 33), ((56102883, 56043967, 0), 44), ((56043967, 56069839, 0), 57), ((56069839, 56113428, 0), 71), ((56113428, 56113430, 0), 74), ((56113430, 56108555, 0), 80), ((56108555, 56108556, 0), 83), ((56108556, 56066634, 0), 90), ((56066634, 56062258, 0), 122), ((56062258, 56130759, 0), 137), ((56130759, 56107338, 0), 145), ((56107338, 56069079, 0), 149), ((56069079, 56080006, 0), 152), ((56080006, 56065714, 0), 155), ((56065714, 56049930, 0), 156), ((56049930, 56049932, 0), 164), ((56049932, 56155742, 0), 167), ((56155742, 56092105, 0), 186), ((56092105, 56164551, 0), 200), ((56164551, 56102905, 0), 212), ((56102905, 56065547, 0), 225), ((56065547, 56065549, 0), 259), ((56065549, 56097462, 0), 262), ((56097462, 56043015, 0), 265), ((56043015, 56106954, 0), 269), ('GOAL', 56106954, 269)]
100	[((1701101626, 1701101592, 0), 0), ((1701101592, 1701101498, 0), 14), ((1701101498, 1701101500, 0), 27), ((1701101500, 1701101496, 0), 28), ((1701101496, 56032817, 0), 29), ((56032817, 4885809671, 0), 34), ((4885809671, 56032808, 0), 35), ((56032808, 56032805, 0), 52), ((56032805, 56014445, 0), 58), ((56014445, 56014463, 0), 76), ((56014463, 56024770, 0), 94), ((56024770, 1701108322, 0), 116), ((1701108322, 56032790, 0), 142), ((56032790, 56044060, 0), 146), ((56044060, 56023919, 0), 154), ((56023919, 56162326, 0), 159), ('GOAL', 56162326, 159)]
101	[((56109706, 56113470, 0), 0), ((56113470, 56109706, 0), 3), ((56109706, 56113475, 0), 8), ((56113475, 55956916, 0), 16), ((55956916, 56113486, 0), 19), ((56113486, 56093882, 0), 22), ((56093882, 56030470, 0), 45), ((56030470, 56030472, 0), 66), ((56030472, 2191283277, 0), 72), ((2191283277, 2191283249, 0), 81), ((2191283249, 2191283180, 0), 97), ((2191283180, 356605288, 0), 107), ((356605288, 356605287, 0), 114), ((356605287, 356605286, 0), 122), ((356605286, 2191283076, 0), 125), ((2191283076, 2191283087, 0), 133), ((2191283087, 2191282970, 0), 135), ((2191282970, 2191282968, 0), 143), ((2191282968, 56051487, 0), 146), ((56051487, 56096196, 0), 147), ('GOAL', 56096196, 147)]
102	[((7049316375, 56096746, 0), 0), ((56096746, 7049316377, 0), 13), ((7049316377, 56072571, 0), 14), ((56072571, 5967827272, 0), 20), ((5967827272, 56093153, 0), 29), ((56093153, 6780134822, 0), 46), ((6780134822, 5964494955, 0), 55), ((5964494955, 56131641, 0), 57), ((56131641, 6780134815, 0), 65), ((6780134815, 56034880, 0), 91), ((56034880, 56045060, 0), 95), ((56045060, 6780134818, 0), 105), ((6780134818, 6780134811, 0), 117), ((6780134811, 3711226065, 0), 122), ((3711226065, 3711226062, 0), 133), ((3711226062, 3711226058, 0), 137), ((3711226058, 6320156843, 0), 140), ((6320156843, 6776205179, 0), 147), ('GOAL', 6776205179, 147)]
103	[((56150030, 56125083, 0), 0), ((56125083, 56150030, 0), 1), ((56150030, 55950047, 0), 6), ((55950047, 55950049, 0), 20), ((55950049, 56004921, 0), 27), ((56004921, 354743884, 0), 51), ((354743884, 354743658, 0), 69), ((354743658, 55983740, 0), 72), ((55983740, 339258709, 0), 94), ((339258709, 300787461, 0), 115), ((300787461, 354739682, 0), 130), ((354739682, 29892721, 0), 154), ((29892721, 354418673, 0), 166), ((354418673, 56009424, 0), 180), ('GOAL', 56009424, 180)]
104	[((56056067, 56056082, 0), 0), ((56056082, 2471339611, 0), 8), ((2471339611, 56172525, 0), 12), ((56172525, 56032805, 0), 28), ((56032805, 56014445, 0), 34), ((56014445, 56014463, 0), 53), ((56014463, 56024770, 0), 70), ((56024770, 1701108322, 0), 92), ((1701108322, 56032790, 0), 118), ((56032790, 56044060, 0), 122), ((56044060, 56023919, 0), 131), ((56023919, 56162326, 0), 136), ('GOAL', 56162326, 136)]
105	[((300787123, 300787138, 0), 0), ((300787138, 56006369, 0), 17), ((56006369, 56103856, 0), 37), ((56103856, 56103858, 0), 47), ((56103858, 300789071, 0), 65), ((300789071, 56061630, 0), 67), ((56061630, 56061634, 0), 72), ((56061634, 56061636, 0), 82), ((56061636, 56061638, 0), 90), ((56061638, 56119727, 0), 107), ((56119727, 56056128, 0), 115), ((56056128, 56056131, 0), 119), ((56056131, 56056132, 0), 133), ((56056132, 56056134, 0), 137), ((56056134, 56056136, 0), 138), ((56056136, 56036345, 0), 141), ('GOAL', 56036345, 141)]
106	[((5895088350, 56021782, 0), 0), ((56021782, 56054378, 0), 2), ((56054378, 56061356, 0), 5), ((56061356, 56113366, 0), 18), ((56113366, 56083873, 0), 28), ((56083873, 56083875, 0), 32), ((56083875, 56102132, 0), 37), ((56102132, 8086515832, 0), 51), ((8086515832, 8086515836, 0), 82), ((8086515836, 56150152, 0), 86), ((56150152, 56068175, 0), 94), ((56068175, 56089655, 0), 119), ((56089655, 56060961, 0), 128), ((56060961, 55973814, 0), 130), ((55973814, 56046703, 0), 138), ((56046703, 55992321, 0), 144), ((55992321, 56118729, 0), 150), ((56118729, 56073667, 0), 151), ((56073667, 56059324, 0), 310), ((56059324, 56118754, 0), 314), ((56118754, 1878074444, 0), 344), ('GOAL', 1878074444, 344)]
107	[((56089655, 56060961, 0), 0), ((56060961, 55973814, 0), 1), ((55973814, 56046703, 0), 9), ((56046703, 55992321, 0), 15), ((55992321, 56118729, 0), 21), ((56118729, 56073667, 0), 22), ((56073667, 56059324, 0), 181), ((56059324, 56118754, 0), 185), ((56118754, 1878074444, 0), 215), ('GOAL', 1878074444, 215)]
108	[((356600555, 56072354, 0), 0), ((56072354, 56051480, 0), 2), ((56051480, 56077542, 0), 7), ('GOAL', 56077542, 7)]
109	[((56081088, 56081087, 0), 0), ((56081087, 56081088, 0), 8), ((56081088, 56046960, 0), 17), ('GOAL', 56046960, 17)]
110	[((56058034, 56156357, 0), 0), ((56156357, 56058034, 0), 8), ((56058034, 56058036, 0), 18), ((56058036, 56058042, 0), 19), ((56058042, 56058044, 0), 27), ('GOAL', 56058044, 27)]
111	[((2470707511, 56083279, 0), 0), ((56083279, 56099294, 0), 1), ((56099294, 56128519, 0), 17), ((56128519, 56018786, 0), 22), ((56018786, 1700950161, 0), 38), ((1700950161, 56032736, 0), 45), ((56032736, 56122544, 0), 47), ((56122544, 56136028, 0), 52), ((56136028, 56024274, 0), 60), ((56024274, 56113347, 0), 72), ((56113347, 3782546864, 0), 77), ((3782546864, 56093802, 0), 82), ((56093802, 356609226, 0), 103), ((356609226, 3708482497, 0), 106), ((3708482497, 7206463970, 0), 107), ((7206463970, 56032844, 0), 108), ((56032844, 56089422, 0), 113), ((56089422, 56089423, 0), 136), ((56089423, 56089425, 0), 138), ((56089425, 56089427, 0), 141), ((56089427, 56089431, 0), 145), ((56089431, 56089435, 0), 149), ((56089435, 56030604, 0), 155), ((56030604, 3782568103, 0), 169), ((3782568103, 56089442, 0), 170), ('GOAL', 56089442, 170), ('GOAL', 56089442, None)]
112	[((56145278, 417254322, 0), 0), ((417254322, 56145278, 0), 9), ((56145278, 3455766772, 0), 25), ((3455766772, 56084980, 0), 32), ((56084980, 417254369, 0), 39), ((417254369, 56043338, 0), 50), ((56043338, 56043341, 0), 54), ((56043341, 56043347, 0), 64), ((56043347, 56043355, 0), 72), ('GOAL', 56043355, 72)]
113	[((56092298, 56092296, 0), 0), ((56092296, 56026580, 0), 5), ((56026580, 56103085, 0), 10), ((56103085, 56128278, 0), 16), ((56128278, 56130144, 0), 21), ((56130144, 56043052, 0), 24), ((56043052, 56031468, 0), 28), ((56031468, 356602156, 0), 38), ((356602156, 56072354, 0), 50), ((56072354, 56051480, 0), 56), ((56051480, 56077542, 0), 61), ('GOAL', 56077542, 61)]
114	[((56134018, 56023261, 0), 0), ((56023261, 56023262, 0), 3), ((56023262, 56023264, 0), 12), ((56023264, 56023266, 0), 28), ((56023266, 56023268, 0), 42), ((56023268, 56023269, 0), 51), ((56023269, 56023270, 0), 56), ((56023270, 56023273, 0), 57), ((56023273, 56152256, 0), 77), ((56152256, 56080213, 0), 85), ((56080213, 56080215, 0), 144), ((56080215, 56080219, 0), 161), ((56080219, 56080223, 0), 176), ((56080223, 56080225, 0), 178), ((56080225, 56112203, 0), 184), ((56112203, 56129897, 0), 187), ((56129897, 56091180, 0), 194), ((56091180, 56074926, 0), 197), ((56074926, 56038013, 0), 200), ((56038013, 56021666, 0), 206), ((56021666, 56032016, 0), 226), ((56032016, 56091158, 0), 230), ('GOAL', 56091158, 230)]
115	[((356609393, 56021747, 0), 0), ('GOAL', 56021747, None)]
116	[((7919787468, 56039608, 0), 0), ((56039608, 56039612, 0), 9), ((56039612, 56039614, 0), 13), ((56039614, 7300758880, 0), 16), ((7300758880, 56093566, 0), 23), ((56093566, 56093568, 0), 24), ((56093568, 4243415856, 0), 43), ((4243415856, 56049182, 0), 47), ((56049182, 6065702297, 0), 59), ((6065702297, 6065702295, 0), 79), ((6065702295, 6065702292, 0), 98), ((6065702292, 56082136, 0), 125), ('GOAL', 56082136, 125)]
117	[((56024802, 56024804, 0), 0), ((56024804, 56024802, 0), 1), ('GOAL', 56024802, 1)]
118	[((300787951, 300787971, 0), 0), ((300787971, 7295068015, 0), 55), ((7295068015, 56093548, 0), 79), ((56093548, 4923908520, 0), 101), ((4923908520, 56073414, 0), 107), ((56073414, 56055131, 0), 114), ((56055131, 6616410474, 0), 119), ((6616410474, 6616410484, 0), 121), ((6616410484, 56021345, 0), 128), ((56021345, 56030280, 0), 144), ((56030280, 56060421, 0), 147), ((56060421, 7297665396, 0), 163), ((7297665396, 56097863, 0), 169), ((56097863, 7297665435, 0), 176), ((7297665435, 354739241, 0), 177), ('GOAL', 354739241, 177)]
119	[((56018836, 2567409651, 0), 0), ((2567409651, 56018842, 0), 12), ((56018842, 2705187703, 0), 17), ((2705187703, 2705187697, 0), 18), ((2705187697, 56017737, 0), 30), ((56017737, 56052627, 0), 32), ('GOAL', 56052627, 32)]
120	[((56057202, 2470629498, 0), 0), ((2470629498, 56057202, 0), 1), ((56057202, 56057203, 0), 13), ((56057203, 56125799, 0), 16), ((56125799, 56122570, 0), 40), ((56122570, 56102020, 0), 49), ((56102020, 56093736, 0), 57), ((56093736, 56125809, 0), 68), ('GOAL', 56125809, 68)]
121	[((56036815, 3782546907, 0), 0), ((3782546907, 56036815, 0), 7), ((56036815, 56024519, 0), 29), ((56024519, 56168385, 0), 34), ((56168385, 56033006, 0), 38), ((56033006, 56018795, 0), 41), ((56018795, 1700994214, 0), 46), ((1700994214, 55966159, 0), 57), ((55966159, 55965990, 0), 60), ((55965990, 56014446, 0), 69), ((56014446, 56014463, 0), 121), ((56014463, 56024770, 0), 135), ((56024770, 1701108322, 0), 156), ((1701108322, 56032790, 0), 182), ((56032790, 56044060, 0), 186), ((56044060, 56023919, 0), 195), ((56023919, 56162326, 0), 199), ('GOAL', 56162326, 199)]
122	[((56080705, 56049000, 0), 0), ((56049000, 56049021, 0), 23), ((56049021, 56049022, 0), 34), ((56049022, 56097636, 0), 37), ('GOAL', 56097636, 37)]
123	[((56102205, 56128121, 0), 0), ((56128121, 56097462, 0), 1), ((56097462, 56043015, 0), 8), ((56043015, 56106954, 0), 12), ('GOAL', 56106954, 12)]
124	[((300787199, 354753249, 0), 0), ((354753249, 7843485932, 0), 6), ((7843485932, 56164912, 0), 34), ((56164912, 300787453, 0), 35), ((300787453, 300787461, 0), 94), ((300787461, 354739682, 0), 102), ((354739682, 29892721, 0), 126), ((29892721, 354418673, 0), 137), ((354418673, 56009424, 0), 151), ('GOAL', 56009424, 151)]
125	[((56099233, 56022037, 0), 0), ((56022037, 56099233, 0), 6), ((56099233, 56099294, 0), 20), ((56099294, 56128519, 0), 31), ((56128519, 56018786, 0), 36), ((56018786, 1700950161, 0), 52), ((1700950161, 56032736, 0), 59), ((56032736, 56122544, 0), 61), ((56122544, 56136028, 0), 66), ((56136028, 56024274, 0), 74), ((56024274, 56113347, 0), 85), ((56113347, 3782546864, 0), 91), ((3782546864, 56093802, 0), 96), ((56093802, 356609226, 0), 117), ((356609226, 3708482497, 0), 120), ((3708482497, 7206463970, 0), 121), ((7206463970, 56032844, 0), 122), ((56032844, 56089422, 0), 127), ((56089422, 56089423, 0), 150), ((56089423, 56089425, 0), 152), ((56089425, 56089427, 0), 155), ((56089427, 56089431, 0), 159), ((56089431, 56089435, 0), 163), ((56089435, 56030604, 0), 169), ((56030604, 3782568103, 0), 183), ((3782568103, 56089442, 0), 184), ('GOAL', 56089442, 184)]
126	[((56102203, 56102907, 0), 0), ((56102907, 56102908, 0), 4), ((56102908, 56054465, 0), 16), ((56054465, 56035302, 0), 22), ((56035302, 56035305, 0), 31), ((56035305, 56035307, 0), 37), ((56035307, 56018543, 0), 41), ((56018543, 56035311, 0), 44), ('GOAL', 56035311, 44)]
127	[((56096970, 56096974, 0), 0), ((56096974, 56093744, 0), 6), ((56093744, 56073225, 0), 9), ((56073225, 56073228, 0), 17), ((56073228, 56096726, 0), 29), ((56096726, 56092092, 0), 32), ((56092092, 56096729, 0), 36), ((56096729, 56040973, 0), 53), ((56040973, 56040977, 0), 58), ((56040977, 56104047, 0), 67), ((56104047, 56030419, 0), 70), ((56030419, 56046617, 0), 77), ((56046617, 56046616, 0), 89), ((56046616, 4932110214, 0), 94), ((4932110214, 3292802465, 0), 127), ((3292802465, 56138389, 0), 128), ((56138389, 56092104, 0), 148), ((56092104, 56092105, 0), 159), ((56092105, 56164551, 0), 163), ((56164551, 56102905, 0), 175), ((56102905, 56065547, 0), 188), ((56065547, 56065549, 0), 221), ((56065549, 56097462, 0), 224), ((56097462, 56043015, 0), 227), ((56043015, 56106954, 0), 231), ('GOAL', 56106954, 231)]
128	[((56033139, 56041077, 0), 0), ((56041077, 56033139, 0), 1), ((56033139, 6856745857, 0), 12), ((6856745857, 6856745859, 0), 13), ((6856745859, 56019556, 0), 14), ((56019556, 56031822, 0), 23), ((56031822, 56039946, 0), 29), ((56039946, 56133413, 0), 41), ((56133413, 56109451, 0), 89), ('GOAL', 56109451, 89)]
129	[((1816390194, 56126756, 0), 0), ((56126756, 1816390194, 0), 3), ((1816390194, 56126759, 0), 9), ((56126759, 56027736, 0), 13), ((56027736, 56042049, 0), 24), ((56042049, 56042051, 0), 32), ((56042051, 6668010304, 0), 35), ((6668010304, 6668010318, 0), 41), ((6668010318, 56093396, 0), 59), ('GOAL', 56093396, 59)]
130	[((56138412, 56131668, 0), 0), ((56131668, 56096746, 0), 1), ((56096746, 7049316377, 0), 8), ((7049316377, 56072571, 0), 9), ((56072571, 5967827272, 0), 15), ((5967827272, 56093153, 0), 24), ((56093153, 6780134822, 0), 41), ((6780134822, 5964494955, 0), 50), ((5964494955, 56131641, 0), 52), ((56131641, 6780134815, 0), 60), ((6780134815, 56034880, 0), 86), ((56034880, 56045060, 0), 90), ((56045060, 6780134818, 0), 100), ((6780134818, 6780134811, 0), 113), ((6780134811, 3711226065, 0), 118), ((3711226065, 3711226062, 0), 128), ((3711226062, 3711226058, 0), 132), ((3711226058, 6320156843, 0), 135), ((6320156843, 6776205179, 0), 142), ('GOAL', 6776205179, 142)]
131	[((56093575, 56048609, 0), 0), ((56048609, 56143741, 0), 5), ((56143741, 56110483, 0), 14), ('GOAL', 56110483, 14)]
132	[((56024725, 56046746, 0), 0), ((56046746, 56024725, 0), 1), ((56024725, 56024738, 0), 5), ((56024738, 5432637196, 0), 6), ((5432637196, 5432637197, 0), 12), ((5432637197, 55969403, 0), 13), ((55969403, 56005885, 0), 16), ((56005885, 55950072, 0), 19), ((55950072, 5432637218, 0), 24), ((5432637218, 56116915, 0), 25), ((56116915, 4925829173, 0), 29), ((4925829173, 7049436446, 0), 34), ((7049436446, 56084792, 0), 35), ((56084792, 7049377518, 0), 39), ((7049377518, 7049377521, 0), 40), ((7049377521, 7028171795, 0), 45), ((7028171795, 7049316377, 0), 58), ((7049316377, 56072571, 0), 65), ((56072571, 5967827272, 0), 71), ((5967827272, 56093153, 0), 79), ((56093153, 6780134822, 0), 96), ((6780134822, 5964494955, 0), 106), ((5964494955, 56131641, 0), 107), ((56131641, 6780134815, 0), 114), ((6780134815, 56034880, 0), 141), ((56034880, 56045060, 0), 144), ((56045060, 6780134818, 0), 156), ((6780134818, 6780134811, 0), 168), ((6780134811, 3711226065, 0), 173), ((3711226065, 3711226062, 0), 184), ((3711226062, 3711226058, 0), 188), ((3711226058, 6320156843, 0), 191), ((6320156843, 6776205179, 0), 197), ('GOAL', 6776205179, 197)]
133	[((56093882, 56113486, 0), 0), ((56113486, 56093882, 0), 3), ((56093882, 56030470, 0), 27), ((56030470, 56030472, 0), 46), ((56030472, 2191283277, 0), 52), ((2191283277, 2191283249, 0), 61), ((2191283249, 2191283180, 0), 78), ((2191283180, 356605288, 0), 88), ((356605288, 356605287, 0), 94), ((356605287, 356605286, 0), 102), ((356605286, 2191283076, 0), 106), ((2191283076, 2191283087, 0), 114), ((2191283087, 2191282970, 0), 116), ((2191282970, 2191282968, 0), 124), ((2191282968, 56051487, 0), 126), ((56051487, 56096196, 0), 128), ('GOAL', 56096196, 128)]
134	[((3708482497, 3708482502, 0), 0), ((3708482502, 7206463970, 0), 4), ((7206463970, 56032844, 0), 6), ((56032844, 56089422, 0), 10), ((56089422, 56089423, 0), 34), ((56089423, 56089425, 0), 36), ((56089425, 56089427, 0), 39), ((56089427, 56089431, 0), 43), ((56089431, 56089435, 0), 47), ((56089435, 56030604, 0), 53), ((56030604, 3782568103, 0), 67), ((3782568103, 56089442, 0), 68), ('GOAL', 56089442, 68)]
135	[((7297665455, 7297665435, 0), 0), ((7297665435, 354739241, 0), 5), ('GOAL', 354739241, 5)]
136	[((56117917, 56040627, 0), 0), ((56040627, 56117917, 0), 2), ((56117917, 1816389675, 0), 10), ((1816389675, 56078060, 0), 14), ((56078060, 56089596, 0), 34), ((56089596, 4926534419, 0), 45), ((4926534419, 56117114, 0), 60), ((56117114, 56017876, 0), 62), ((56017876, 6887884645, 0), 65), ('GOAL', 6887884645, 65)]
137	[((3782546945, 3782546907, 0), 0), ((3782546907, 56036815, 0), 9), ((56036815, 56024519, 0), 32), ((56024519, 56168385, 0), 36), ((56168385, 56033006, 0), 40), ((56033006, 56018795, 0), 43), ((56018795, 1700994214, 0), 48), ((1700994214, 55966159, 0), 59), ((55966159, 55965990, 0), 62), ((55965990, 56014446, 0), 72), ((56014446, 56014463, 0), 123), ((56014463, 56024770, 0), 136), ((56024770, 1701108322, 0), 158), ((1701108322, 56032790, 0), 184), ((56032790, 56044060, 0), 188), ((56044060, 56023919, 0), 197), ((56023919, 56162326, 0), 202), ('GOAL', 56162326, 202)]
138	[((56037115, 56037112, 0), 0), ((56037112, 56073752, 0), 1), ((56073752, 56075050, 0), 7), ((56075050, 56054698, 0), 23), ((56054698, 56054699, 0), 41), ((56054699, 56054702, 0), 50), ((56054702, 56054704, 0), 70), ((56054704, 56054706, 0), 74), ((56054706, 56097568, 0), 77), ((56097568, 56129711, 0), 81), ((56129711, 56117906, 0), 97), ((56117906, 56056984, 0), 103), ((56056984, 56017932, 0), 115), ((56017932, 1816389670, 0), 127), ((1816389670, 56117917, 0), 136), ((56117917, 1816389675, 0), 142), ((1816389675, 56078060, 0), 146), ((56078060, 56089596, 0), 165), ((56089596, 4926534419, 0), 176), ((4926534419, 56117114, 0), 190), ((56117114, 56017876, 0), 192), ((56017876, 6887884645, 0), 195), ('GOAL', 6887884645, 195)]
139	[((56161540, 56161532, 0), 0), ((56161532, 56161540, 0), 2), ((56161540, 56032819, 0), 4), ((56032819, 1701101500, 0), 10), ((1701101500, 1701101496, 0), 13), ((1701101496, 56032817, 0), 14), ((56032817, 4885809671, 0), 19), ((4885809671, 56032808, 0), 20), ((56032808, 56032805, 0), 37), ((56032805, 56014445, 0), 43), ((56014445, 56014463, 0), 62), ((56014463, 56024770, 0), 79), ((56024770, 1701108322, 0), 101), ((1701108322, 56032790, 0), 127), ((56032790, 56044060, 0), 131), ((56044060, 56023919, 0), 140), ((56023919, 56162326, 0), 144), ('GOAL', 56162326, 144)]
140	[((56129478, 56044488, 0), 0), ((56044488, 56129478, 0), 2), ((56129478, 56168197, 0), 4), ((56168197, 56119629, 0), 10), ((56119629, 56049932, 0), 11), ((56049932, 56155742, 0), 18), ((56155742, 56092105, 0), 37), ((56092105, 56164551, 0), 49), ((56164551, 56102905, 0), 61), ((56102905, 56065547, 0), 75), ((56065547, 56065549, 0), 107), ((56065549, 56097462, 0), 110), ((56097462, 56043015, 0), 113), ((56043015, 56106954, 0), 117), ('GOAL', 56106954, 117)]
141	[((56023261, 56134018, 0), 0), ((56134018, 56023261, 0), 2), ((56023261, 56023262, 0), 6), ((56023262, 56023264, 0), 15), ((56023264, 56023266, 0), 32), ((56023266, 56023268, 0), 46), ((56023268, 56023269, 0), 54), ((56023269, 56023270, 0), 59), ((56023270, 56023273, 0), 61), ((56023273, 56152256, 0), 80), ((56152256, 56080213, 0), 88), ((56080213, 56080215, 0), 147), ((56080215, 56080219, 0), 164), ((56080219, 56080223, 0), 179), ((56080223, 56080225, 0), 181), ((56080225, 56112203, 0), 187), ((56112203, 56129897, 0), 190), ((56129897, 56091180, 0), 197), ((56091180, 56074926, 0), 200), ((56074926, 56038013, 0), 203), ((56038013, 56021666, 0), 209), ((56021666, 56032016, 0), 229), ((56032016, 56091158, 0), 233), ('GOAL', 56091158, 233)]
142	[((56142799, 56044072, 0), 0), ((56044072, 56044071, 0), 4), ((56044071, 56023919, 0), 7), ((56023919, 56162326, 0), 14), ('GOAL', 56162326, 14)]
143	[((56072996, 56053552, 0), 0), ((56053552, 56021181, 0), 10), ((56021181, 56021186, 0), 29), ((56021186, 56093789, 0), 42), ((56093789, 56088659, 0), 50), ((56088659, 56088647, 0), 57), ((56088647, 56056478, 0), 58), ((56056478, 56093801, 0), 71), ((56093801, 56093802, 0), 78), ((56093802, 356609226, 0), 84), ((356609226, 3708482497, 0), 87), ((3708482497, 7206463970, 0), 88), ((7206463970, 56032844, 0), 89), ((56032844, 56089422, 0), 94), ((56089422, 56089423, 0), 117), ((56089423, 56089425, 0), 119), ((56089425, 56089427, 0), 122), ((56089427, 56089431, 0), 126), ((56089431, 56089435, 0), 130), ((56089435, 56030604, 0), 136), ((56030604, 3782568103, 0), 150), ((3782568103, 56089442, 0), 151), ('GOAL', 56089442, 151)]
144	[((6512702079, 56026670, 0), 0), ((56026670, 55981862, 0), 6), ((55981862, 55981850, 0), 12), ((55981850, 56026675, 0), 17), ((56026675, 56026678, 0), 28), ((56026678, 56026680, 0), 32), ((56026680, 56026682, 0), 52), ((56026682, 56023682, 0), 57), ((56023682, 55975985, 0), 59), ((55975985, 55975981, 0), 61), ('GOAL', 55975981, 61)]
145	[((3782546927, 3782546864, 0), 0), ((3782546864, 56093802, 0), 28), ((56093802, 356609226, 0), 50), ((356609226, 3708482497, 0), 52), ((3708482497, 7206463970, 0), 53), ((7206463970, 56032844, 0), 55), ((56032844, 56089422, 0), 59), ((56089422, 56089423, 0), 83), ((56089423, 56089425, 0), 85), ((56089425, 56089427, 0), 88), ((56089427, 56089431, 0), 92), ((56089431, 56089435, 0), 96), ((56089435, 56030604, 0), 102), ((56030604, 3782568103, 0), 116), ((3782568103, 56089442, 0), 117), ('GOAL', 56089442, 117)]
146	[((5808121789, 6702631863, 0), 0), ((6702631863, 3210159390, 0), 3), ((3210159390, 56088917, 0), 23), ((56088917, 56129820, 0), 32), ((56129820, 56147942, 0), 43), ((56147942, 56128862, 0), 52), ((56128862, 56146999, 0), 60), ((56146999, 3292802482, 0), 69), ((3292802482, 56132852, 0), 80), ((56132852, 56074636, 0), 81), ((56074636, 56114153, 0), 87), ((56114153, 56114161, 0), 105), ((56114161, 56138378, 0), 114), ((56138378, 56056056, 0), 120), ('GOAL', 56056056, 120)]
147	[((56039624, 56038927, 0), 0), ((56038927, 56039624, 0), 15), ((56039624, 56057203, 0), 29), ((56057203, 56125799, 0), 34), ((56125799, 56122570, 0), 59), ((56122570, 56102020, 0), 68), ((56102020, 56093736, 0), 75), ((56093736, 56065518, 0), 87), ((56065518, 56055165, 0), 88), ((56055165, 56065527, 0), 92), ((56065527, 56114662, 0), 100), ('GOAL', 56114662, 100)]
148	[((56041322, 56041332, 0), 0), ((56041332, 56041322, 0), 1), ((56041322, 56020421, 0), 5), ((56020421, 56020420, 0), 21), ((56020420, 56018807, 0), 23), ((56018807, 7287418795, 0), 27), ((7287418795, 2705187493, 0), 46), ((2705187493, 56024770, 0), 49), ((56024770, 1701108322, 0), 63), ((1701108322, 56032790, 0), 89), ((56032790, 56044060, 0), 93), ((56044060, 56023919, 0), 102), ((56023919, 56162326, 0), 107), ('GOAL', 56162326, 107)]
149	[((56025796, 56040934, 0), 0), ((56040934, 56084803, 0), 10), ((56084803, 56084797, 0), 16), ((56084797, 7049377524, 0), 32), ((7049377524, 7049377523, 0), 46), ((7049377523, 56084795, 0), 47), ((56084795, 7049377534, 0), 48), ((7049377534, 7049377521, 0), 49), ((7049377521, 7028171795, 0), 50), ((7028171795, 7049316377, 0), 63), ((7049316377, 56072571, 0), 70), ((56072571, 5967827272, 0), 76), ((5967827272, 56093153, 0), 85), ((56093153, 6780134822, 0), 102), ((6780134822, 5964494955, 0), 111), ((5964494955, 56131641, 0), 113), ((56131641, 6780134815, 0), 121), ((6780134815, 56034880, 0), 147), ((56034880, 56045060, 0), 151), ((56045060, 6780134818, 0), 161), ((6780134818, 6780134811, 0), 173), ((6780134811, 3711226065, 0), 178), ((3711226065, 3711226062, 0), 189), ((3711226062, 3711226058, 0), 193), ((3711226058, 6320156843, 0), 196), ((6320156843, 6776205179, 0), 202), ('GOAL', 6776205179, 202)]
150	[((56033006, 56018795, 0), 0), ((56018795, 1700994214, 0), 3), ((1700994214, 55966159, 0), 13), ((55966159, 55965990, 0), 16), ((55965990, 56014446, 0), 26), ((56014446, 56014463, 0), 77), ((56014463, 56024770, 0), 91), ((56024770, 1701108322, 0), 112), ((1701108322, 56032790, 0), 138), ((56032790, 56044060, 0), 142), ((56044060, 56023919, 0), 151), ((56023919, 56162326, 0), 156), ('GOAL', 56162326, 156)]
151	[((2470115444, 2470115396, 0), 0), ((2470115396, 2470115444, 0), 4), ((2470115444, 6065702295, 0), 6), ((6065702295, 6065702292, 0), 7), ((6065702292, 56082136, 0), 33), ('GOAL', 56082136, 33)]
152	[((56071720, 56071721, 0), 0), ((56071721, 56026806, 0), 2), ((56026806, 56089588, 0), 7), ((56089588, 56089590, 0), 10), ((56089590, 56089592, 0), 18), ((56089592, 56089594, 0), 22), ((56089594, 56051935, 0), 24), ((56051935, 56089596, 0), 30), ((56089596, 4926534419, 0), 39), ((4926534419, 56117114, 0), 54), ((56117114, 56017876, 0), 56), ((56017876, 6887884645, 0), 59), ('GOAL', 6887884645, 59)]
153	[((2567409651, 56018836, 0), 0), ((56018836, 2567409651, 0), 9), ((2567409651, 56018842, 0), 24), ((56018842, 2705187703, 0), 28), ((2705187703, 2705187697, 0), 29), ((2705187697, 56017737, 0), 41), ((56017737, 56052627, 0), 43), ('GOAL', 56052627, 43)]
154	[((55981850, 56026675, 0), 0), ((56026675, 56026678, 0), 10), ((56026678, 56026680, 0), 14), ((56026680, 56026682, 0), 34), ((56026682, 56023682, 0), 39), ((56023682, 55975985, 0), 41), ((55975985, 55975981, 0), 43), ('GOAL', 55975981, 43)]
155	[((55972107, 55950074, 0), 0), ((55950074, 55950072, 0), 7), ((55950072, 5432637208, 0), 15), ((5432637208, 5432637210, 0), 16), ((5432637210, 5432637209, 0), 20), ((5432637209, 55969403, 0), 22), ((55969403, 55969402, 0), 23), ((55969402, 55986654, 0), 43), ((55986654, 56028146, 0), 58), ((56028146, 55992318, 0), 83), ((55992318, 56118729, 0), 99), ((56118729, 56073667, 0), 100), ((56073667, 56059324, 0), 259), ((56059324, 56118754, 0), 263), ((56118754, 1878074444, 0), 293), ('GOAL', 1878074444, 293)]
156	[((56112449, 56087033, 0), 0), ((56087033, 56112449, 0), 1), ((56112449, 56026091, 0), 3), ((56026091, 56026092, 0), 13), ('GOAL', 56026092, 13)]
157	[((56017227, 4077326024, 0), 0), ((4077326024, 56017227, 0), 4), ((56017227, 56093882, 0), 10), ((56093882, 56030470, 0), 15), ((56030470, 56030472, 0), 34), ((56030472, 2191283277, 0), 40), ((2191283277, 2191283249, 0), 49), ((2191283249, 2191283180, 0), 65), ((2191283180, 356605288, 0), 75), ((356605288, 356605287, 0), 82), ((356605287, 356605286, 0), 90), ((356605286, 2191283076, 0), 93), ((2191283076, 2191283087, 0), 101), ((2191283087, 2191282970, 0), 103), ((2191282970, 2191282968, 0), 111), ((2191282968, 56051487, 0), 113), ((56051487, 56096196, 0), 115), ('GOAL', 56096196, 115)]
158	[((56018786, 56128519, 0), 0), ((56128519, 56018786, 0), 13), ((56018786, 1700950161, 0), 29), ((1700950161, 56032736, 0), 36), ((56032736, 56122544, 0), 38), ((56122544, 56136028, 0), 43), ((56136028, 56024274, 0), 51), ((56024274, 56113347, 0), 63), ((56113347, 3782546864, 0), 68), ((3782546864, 56093802, 0), 73), ((56093802, 356609226, 0), 94), ((356609226, 3708482497, 0), 97), ((3708482497, 7206463970, 0), 98), ((7206463970, 56032844, 0), 99), ((56032844, 56089422, 0), 104), ((56089422, 56089423, 0), 127), ((56089423, 56089425, 0), 129), ((56089425, 56089427, 0), 132), ((56089427, 56089431, 0), 136), ((56089431, 56089435, 0), 140), ((56089435, 56030604, 0), 146), ((56030604, 3782568103, 0), 160), ((3782568103, 56089442, 0), 161), ('GOAL', 56089442, 161)]
159	[((56020421, 56020428, 0), 0), ((56020428, 56020421, 0), 17), ((56020421, 56020420, 0), 77), ((56020420, 56018807, 0), 79), ((56018807, 7287418795, 0), 83), ((7287418795, 2705187493, 0), 102), ((2705187493, 56024770, 0), 105), ((56024770, 1701108322, 0), 119), ((1701108322, 56032790, 0), 145), ((56032790, 56044060, 0), 149), ((56044060, 56023919, 0), 158), ((56023919, 56162326, 0), 163), ('GOAL', 56162326, 163)]
160	[((56103899, 7204303422, 0), 0), ((7204303422, 56103899, 0), 3), ((56103899, 56173160, 0), 8), ((56173160, 7028171795, 0), 17), ((7028171795, 7049316377, 0), 21), ((7049316377, 56072571, 0), 28), ((56072571, 5967827272, 0), 34), ((5967827272, 56093153, 0), 43), ((56093153, 6780134822, 0), 60), ((6780134822, 5964494955, 0), 69), ((5964494955, 56131641, 0), 71), ((56131641, 6780134815, 0), 79), ((6780134815, 56034880, 0), 105), ((56034880, 56045060, 0), 109), ((56045060, 6780134818, 0), 119), ((6780134818, 6780134811, 0), 131), ((6780134811, 3711226065, 0), 136), ((3711226065, 3711226062, 0), 147), ((3711226062, 3711226058, 0), 151), ((3711226058, 6320156843, 0), 154), ((6320156843, 6776205179, 0), 160), ('GOAL', 6776205179, 160)]
161	[((3457478571, 3457488749, 0), 0), ((3457488749, 56081083, 0), 3), ((56081083, 56050655, 0), 12), ((56050655, 2868233515, 0), 34), ((2868233515, 56067531, 0), 36), ((56067531, 56081086, 0), 40), ((56081086, 56039708, 0), 48), ((56039708, 56081087, 0), 56), ((56081087, 56081088, 0), 61), ((56081088, 56046960, 0), 70), ('GOAL', 56046960, 70)]
162	[((56145019, 56171410, 0), 0), ((56171410, 56145019, 0), 5), ((56145019, 56046957, 0), 10), ('GOAL', 56046957, 10)]
163	[((4079295724, 4079295734, 0), 0), ((4079295734, 4079295724, 0), 1), ((4079295724, 56016429, 0), 5), ((56016429, 56089422, 0), 9), ((56089422, 56089423, 0), 18), ((56089423, 56089425, 0), 20), ((56089425, 56089427, 0), 23), ((56089427, 56089431, 0), 28), ((56089431, 56089435, 0), 32), ((56089435, 56030604, 0), 38), ((56030604, 3782568103, 0), 52), ((3782568103, 56089442, 0), 53), ('GOAL', 56089442, 53)]
164	[((56065545, 56065544, 0), 0), ((56065544, 56065545, 0), 8), ((56065545, 56102906, 0), 48), ((56102906, 56128121, 0), 51), ((56128121, 56097462, 0), 74), ((56097462, 56043015, 0), 81), ((56043015, 56106954, 0), 85), ('GOAL', 56106954, 85)]
165	[((2191282987, 2191283078, 0), 0), ((2191283078, 2191282987, 0), 3), ((2191282987, 2191283046, 0), 9), ((2191283046, 2191283089, 0), 21), ((2191283089, 2191283087, 0), 42), ((2191283087, 2191282970, 0), 48), ((2191282970, 2191282968, 0), 55), ((2191282968, 56051487, 0), 58), ((56051487, 56096196, 0), 59), ('GOAL', 56096196, 59)]
166	[((55967384, 55967203, 0), 0), ((55967203, 56164903, 0), 5), ((56164903, 55950563, 0), 7), ((55950563, 56003708, 0), 36), ((56003708, 56093522, 0), 42), ((56093522, 56093529, 0), 57), ((56093529, 56081068, 0), 68), ((56081068, 56081072, 0), 78), ((56081072, 56101610, 0), 101), ((56101610, 56101612, 0), 120), ((56101612, 56094454, 0), 129), ((56094454, 56094457, 0), 153), ((56094457, 6367597430, 0), 157), ((6367597430, 56046952, 0), 190), ('GOAL', 56046952, 190)]
167	[((4633128631, 4924227738, 0), 0), ((4924227738, 4633128630, 0), 5), ((4633128630, 56053823, 0), 8), ((56053823, 56053822, 0), 10), ((56053822, 56031472, 0), 26), ((56031472, 56031470, 0), 28), ((56031470, 56031468, 0), 29), ((56031468, 356602156, 0), 33), ((356602156, 56072354, 0), 45), ((56072354, 56051480, 0), 51), ((56051480, 56077542, 0), 56), ('GOAL', 56077542, 56)]
168	[((2705187190, 2705187339, 0), 0), ((2705187339, 2705187506, 0), 4), ((2705187506, 2705187582, 0), 16), ((2705187582, 2705187620, 0), 32), ((2705187620, 2705187718, 0), 41), ((2705187718, 2567409687, 0), 55), ('GOAL', 2567409687, 55)]
169	[((56069071, 56080003, 0), 0), ((56080003, 56069071, 0), 2), ((56069071, 56080004, 0), 5), ((56080004, 56080005, 0), 8), ((56080005, 56059574, 0), 14), ((56059574, 56080006, 0), 18), ((56080006, 56065714, 0), 22), ((56065714, 56049930, 0), 24), ((56049930, 56049932, 0), 32), ((56049932, 56155742, 0), 35), ((56155742, 56092105, 0), 54), ((56092105, 56164551, 0), 67), ((56164551, 56102905, 0), 79), ((56102905, 56065547, 0), 92), ((56065547, 56065549, 0), 126), ((56065549, 56097462, 0), 129), ((56097462, 56043015, 0), 132), ((56043015, 56106954, 0), 136), ('GOAL', 56106954, 136)]
170	[((56041071, 56026642, 0), 0), ((56026642, 56026638, 0), 5), ((56026638, 56040724, 0), 12), ((56040724, 56123427, 0), 26), ((56123427, 4939636726, 0), 55), ((4939636726, 56112512, 0), 67), ((56112512, 56026654, 0), 69), ((56026654, 56026662, 0), 88), ((56026662, 56026664, 0), 94), ((56026664, 300788728, 0), 96), ((300788728, 56026666, 0), 100), ((56026666, 6512702079, 0), 121), ((6512702079, 56026670, 0), 127), ((56026670, 55981862, 0), 142), ((55981862, 55981850, 0), 148), ((55981850, 56026675, 0), 153), ((56026675, 56026678, 0), 164), ((56026678, 56026680, 0), 168), ((56026680, 56026682, 0), 188), ((56026682, 56051473, 0), 193), ((56051473, 56051474, 0), 202), ((56051474, 56034997, 0), 205), ((56034997, 3566984707, 0), 211), ((3566984707, 3566984704, 0), 214), ((3566984704, 356599423, 0), 218), ('GOAL', 356599423, 218)]
171	[((56144298, 56062529, 0), 0), ((56062529, 56144298, 0), 2), ((56144298, 56130750, 0), 6), ((56130750, 56018579, 0), 8), ((56018579, 56130754, 0), 15), ((56130754, 56062256, 0), 20), ((56062256, 56059570, 0), 23), ((56059570, 56059571, 0), 38), ((56059571, 56059573, 0), 43), ((56059573, 56059574, 0), 56), ((56059574, 56080006, 0), 60), ((56080006, 56065714, 0), 64), ((56065714, 56049930, 0), 66), ((56049930, 56049932, 0), 73), ((56049932, 56155742, 0), 77), ((56155742, 56092105, 0), 96), ((56092105, 56164551, 0), 109), ((56164551, 56102905, 0), 121), ((56102905, 56065547, 0), 134), ((56065547, 56065549, 0), 168), ((56065549, 56097462, 0), 171), ((56097462, 56043015, 0), 174), ((56043015, 56106954, 0), 178), ('GOAL', 56106954, 178)]
172	[((7485461142, 7485461143, 0), 0), ((7485461143, 56071693, 0), 3), ((56071693, 56059481, 0), 4), ((56059481, 7485461142, 0), 9), ((7485461142, 1816389419, 0), 10), ((1816389419, 1816389500, 0), 12), ((1816389500, 1816389505, 0), 24), ((1816389505, 1816389627, 0), 29), ((1816389627, 56117917, 0), 45), ((56117917, 1816389675, 0), 49), ((1816389675, 56078060, 0), 52), ((56078060, 56089596, 0), 72), ((56089596, 4926534419, 0), 83), ((4926534419, 56117114, 0), 97), ((56117114, 56017876, 0), 99), ((56017876, 6887884645, 0), 102), ('GOAL', 6887884645, 102)]
173	[((56046947, 7297665481, 0), 0), ((7297665481, 7297665403, 0), 18), ((7297665403, 56097863, 0), 19), ((56097863, 7297665435, 0), 20), ((7297665435, 354739241, 0), 21), ('GOAL', 354739241, 21)]
174	[((56126415, 56109052, 0), 0), ((56109052, 1816389845, 0), 8), ((1816389845, 1816389848, 0), 9), ((1816389848, 1816389850, 0), 16), ((1816389850, 56109058, 0), 28), ('GOAL', 56109058, 28)]
175	[((2705187455, 56120171, 0), 0), ((56120171, 56100949, 0), 2), ((56100949, 56149769, 0), 22), ((56149769, 56071408, 0), 30), ((56071408, 56058036, 0), 32), ((56058036, 56058042, 0), 60), ((56058042, 56058044, 0), 68), ('GOAL', 56058044, 68)]
176	[((6444228339, 6444227985, 0), 0), ((6444227985, 56072654, 0), 78), ((56072654, 56026489, 0), 79), ((56026489, 2581904528, 0), 83), ((2581904528, 56072660, 0), 87), ((56072660, 6856745859, 0), 98), ((6856745859, 56019556, 0), 99), ((56019556, 56031822, 0), 108), ((56031822, 56039946, 0), 114), ((56039946, 56133413, 0), 128), ((56133413, 56109451, 0), 176), ('GOAL', 56109451, 176)]
177	[((1080268604, 56082129, 0), 0), ('GOAL', 56082129, None)]
178	[((56129486, 56131119, 0), 0), ((56131119, 56092117, 0), 9), ((56092117, 56092119, 0), 26), ((56092119, 56109201, 0), 28), ((56109201, 56109214, 0), 41), ((56109214, 56085075, 0), 46), ((56085075, 56102908, 0), 85), ((56102908, 56054465, 0), 89), ((56054465, 56035302, 0), 95), ((56035302, 56035305, 0), 103), ((56035305, 56035307, 0), 110), ((56035307, 56018543, 0), 114), ((56018543, 56035311, 0), 117), ('GOAL', 56035311, 117)]
179	[((56074879, 56070835, 0), 0), ((56070835, 56074879, 0), 25), ((56074879, 55983739, 0), 53), ((55983739, 55983742, 0), 62), ((55983742, 55983746, 0), 71), ((55983746, 339258709, 0), 75), ((339258709, 300787461, 0), 89), ((300787461, 354739682, 0), 105), ((354739682, 29892721, 0), 129), ((29892721, 354418673, 0), 141), ((354418673, 56009424, 0), 155), ('GOAL', 56009424, 155)]
180	[((2567409561, 2567409588, 0), 0), ((2567409588, 2567409561, 0), 1), ((2567409561, 1701108325, 0), 7), ((1701108325, 56018836, 0), 10), ((56018836, 2567409651, 0), 13), ((2567409651, 56018842, 0), 27), ((56018842, 2705187703, 0), 32), ((2705187703, 2705187697, 0), 33), ((2705187697, 56017737, 0), 45), ((56017737, 56052627, 0), 47), ('GOAL', 56052627, 47)]
181	[((56118044, 56098768, 0), 0), ((56098768, 56098765, 0), 6), ((56098765, 56134515, 0), 14), ((56134515, 56159397, 0), 21), ((56159397, 56020725, 0), 24), ((56020725, 56072610, 0), 27), ((56072610, 55950563, 0), 68), ((55950563, 56003708, 0), 75), ((56003708, 56093522, 0), 81), ((56093522, 56093529, 0), 96), ((56093529, 56081068, 0), 107), ((56081068, 56081072, 0), 117), ((56081072, 56101610, 0), 140), ((56101610, 56101612, 0), 159), ((56101612, 56094454, 0), 168), ((56094454, 56094457, 0), 193), ((56094457, 6367597430, 0), 197), ((6367597430, 56046952, 0), 230), ('GOAL', 56046952, 230)]
182	[((2471339573, 2471339677, 0), 0), ('GOAL', 2471339677, None)]
183	[((412171416, 56043913, 0), 0), ((56043913, 56120286, 0), 1), ((56120286, 2470707511, 0), 7), ((2470707511, 56083279, 0), 11), ((56083279, 56099294, 0), 13), ((56099294, 56128519, 0), 29), ((56128519, 56018786, 0), 35), ((56018786, 1700950161, 0), 50), ((1700950161, 56032736, 0), 57), ((56032736, 56122544, 0), 59), ((56122544, 56136028, 0), 64), ((56136028, 56024274, 0), 72), ((56024274, 56113347, 0), 84), ((56113347, 3782546864, 0), 89), ((3782546864, 56093802, 0), 94), ((56093802, 356609226, 0), 115), ((356609226, 3708482497, 0), 118), ((3708482497, 7206463970, 0), 119), ((7206463970, 56032844, 0), 120), ((56032844, 56089422, 0), 125), ((56089422, 56089423, 0), 148), ((56089423, 56089425, 0), 150), ((56089425, 56089427, 0), 153), ((56089427, 56089431, 0), 157), ((56089431, 56089435, 0), 161), ((56089435, 56030604, 0), 167), ((56030604, 3782568103, 0), 181), ((3782568103, 56089442, 0), 182), ('GOAL', 56089442, 182), ('GOAL', 56089442, None)]
184	[((2059145852, 2059145869, 0), 0), ((2059145869, 56027748, 0), 11), ((56027748, 3353963369, 0), 18), ((3353963369, 2500069901, 0), 24), ('GOAL', 2500069901, 24)]
185	[((56100830, 56162152, 0), 0), ((56162152, 56162154, 0), 7), ((56162154, 56100837, 0), 9), ((56100837, 6065702297, 0), 11), ((6065702297, 6065702295, 0), 13), ((6065702295, 6065702292, 0), 33), ((6065702292, 56082136, 0), 59), ('GOAL', 56082136, 59)]
186	[((56029952, 56029954, 0), 0), ((56029954, 56029952, 0), 4), ((56029952, 56029947, 0), 14), ((56029947, 56030273, 0), 31), ((56030273, 56021344, 0), 39), ((56021344, 56030280, 0), 42), ((56030280, 56060421, 0), 60), ((56060421, 7297665396, 0), 77), ((7297665396, 56097863, 0), 84), ((56097863, 7297665435, 0), 90), ((7297665435, 354739241, 0), 91), ('GOAL', 354739241, 91)]
187	[((56105565, 56073381, 0), 0), ((56073381, 56147942, 0), 5), ((56147942, 56128862, 0), 18), ((56128862, 56146999, 0), 26), ((56146999, 3292802482, 0), 35), ((3292802482, 56132852, 0), 46), ((56132852, 56074636, 0), 47), ((56074636, 56114153, 0), 53), ((56114153, 56114161, 0), 71), ((56114161, 56138378, 0), 80), ((56138378, 56056056, 0), 86), ('GOAL', 56056056, 86)]
188	[((4923737556, 7300898907, 0), 0), ((7300898907, 4923737556, 0), 2), ('GOAL', 4923737556, 2)]
189	[((56051940, 56051942, 0), 0), ((56051942, 56051940, 0), 2), ((56051940, 56017918, 0), 3), ((56017918, 354830927, 0), 16), ((354830927, 56078060, 0), 27), ((56078060, 56089596, 0), 30), ((56089596, 4926534419, 0), 41), ((4926534419, 56117114, 0), 55), ((56117114, 56017876, 0), 57), ((56017876, 6887884645, 0), 60), ('GOAL', 6887884645, 60)]
190	[((56065703, 56049918, 0), 0), ((56049918, 56049920, 0), 10), ((56049920, 56049922, 0), 12), ((56049922, 56049924, 0), 13), ((56049924, 56138391, 0), 15), ((56138391, 56030912, 0), 28), ((56030912, 56138389, 0), 32), ((56138389, 56092104, 0), 35), ((56092104, 56092105, 0), 46), ((56092105, 56164551, 0), 51), ((56164551, 56102905, 0), 62), ((56102905, 56065547, 0), 76), ((56065547, 56065549, 0), 109), ((56065549, 56097462, 0), 112), ((56097462, 56043015, 0), 115), ((56043015, 56106954, 0), 119), ('GOAL', 56106954, 119)]
191	[((56026036, 56048604, 0), 0), ((56048604, 56051340, 0), 22), ((56051340, 56051342, 0), 46), ('GOAL', 56051342, 46)]
192	[((56051909, 3784267952, 0), 0), ((3784267952, 56074636, 0), 2), ((56074636, 56114153, 0), 4), ((56114153, 56114161, 0), 22), ((56114161, 56138378, 0), 30), ((56138378, 56056056, 0), 37), ('GOAL', 56056056, 37)]
193	[((56019533, 56019534, 0), 0), ((56019534, 56019533, 0), 1), ((56019533, 56019527, 0), 3), ((56019527, 56019524, 0), 18), ((56019524, 56019520, 0), 24), ((56019520, 56019518, 0), 29), ((56019518, 56019516, 0), 35), ((56019516, 56019515, 0), 40), ((56019515, 56055149, 0), 42), ((56055149, 56055193, 0), 46), ('GOAL', 56055193, 46)]
194	[((56071401, 56024733, 0), 0), ((56024733, 56024734, 0), 2), ((56024734, 56024736, 0), 13), ((56024736, 56024738, 0), 21), ((56024738, 5432637196, 0), 28), ((5432637196, 5432637197, 0), 35), ((5432637197, 55969403, 0), 36), ((55969403, 56005885, 0), 39), ((56005885, 55950072, 0), 42), ((55950072, 5432637218, 0), 47), ((5432637218, 56116915, 0), 48), ((56116915, 4925829173, 0), 52), ((4925829173, 7049436446, 0), 57), ((7049436446, 56084792, 0), 58), ((56084792, 7049377518, 0), 62), ((7049377518, 7049377521, 0), 63), ((7049377521, 7028171795, 0), 68), ((7028171795, 7049316377, 0), 81), ((7049316377, 56072571, 0), 88), ((56072571, 5967827272, 0), 94), ((5967827272, 56093153, 0), 102), ((56093153, 6780134822, 0), 119), ((6780134822, 5964494955, 0), 129), ((5964494955, 56131641, 0), 130), ((56131641, 6780134815, 0), 137), ((6780134815, 56034880, 0), 164), ((56034880, 56045060, 0), 167), ((56045060, 6780134818, 0), 179), ((6780134818, 6780134811, 0), 191), ((6780134811, 3711226065, 0), 196), ((3711226065, 3711226062, 0), 207), ((3711226062, 3711226058, 0), 211), ((3711226058, 6320156843, 0), 214), ((6320156843, 6776205179, 0), 220), ('GOAL', 6776205179, 220)]
195	[((3701160459, 56093529, 0), 0), ((56093529, 56081068, 0), 8), ((56081068, 56081072, 0), 18), ((56081072, 56101610, 0), 41), ((56101610, 56101612, 0), 60), ((56101612, 56094454, 0), 69), ((56094454, 56094457, 0), 94), ((56094457, 6367597430, 0), 98), ((6367597430, 56046952, 0), 131), ('GOAL', 56046952, 131)]
196	[((354838667, 354836487, 0), 0), ((354836487, 354834803, 0), 7), ((354834803, 339258728, 0), 35), ((339258728, 56005885, 0), 49), ((56005885, 55950072, 0), 99), ((55950072, 5432637218, 0), 104), ((5432637218, 56116915, 0), 106), ((56116915, 4925829173, 0), 109), ((4925829173, 7049436446, 0), 115), ((7049436446, 56084792, 0), 116), ((56084792, 7049377518, 0), 120), ((7049377518, 7049377521, 0), 121), ((7049377521, 7028171795, 0), 126), ((7028171795, 7049316377, 0), 139), ((7049316377, 56072571, 0), 146), ((56072571, 5967827272, 0), 152), ((5967827272, 56093153, 0), 160), ((56093153, 6780134822, 0), 177), ((6780134822, 5964494955, 0), 187), ((5964494955, 56131641, 0), 188), ((56131641, 6780134815, 0), 195), ((6780134815, 56034880, 0), 222), ((56034880, 56045060, 0), 225), ((56045060, 6780134818, 0), 237), ((6780134818, 6780134811, 0), 249), ((6780134811, 3711226065, 0), 254), ((3711226065, 3711226062, 0), 265), ((3711226062, 3711226058, 0), 269), ((3711226058, 6320156843, 0), 272), ((6320156843, 6776205179, 0), 278), ('GOAL', 6776205179, 278)]
197	[((56075050, 56073752, 0), 0), ((56073752, 56075050, 0), 13), ((56075050, 56054698, 0), 28), ((56054698, 56054699, 0), 46), ((56054699, 56054702, 0), 56), ((56054702, 56054704, 0), 75), ((56054704, 56054706, 0), 78), ((56054706, 56097568, 0), 83), ((56097568, 56129711, 0), 86), ((56129711, 56117906, 0), 102), ((56117906, 56056984, 0), 108), ((56056984, 56017932, 0), 120), ((56017932, 1816389670, 0), 132), ((1816389670, 56117917, 0), 141), ((56117917, 1816389675, 0), 147), ((1816389675, 56078060, 0), 151), ((56078060, 56089596, 0), 171), ((56089596, 4926534419, 0), 181), ((4926534419, 56117114, 0), 196), ((56117114, 56017876, 0), 198), ((56017876, 6887884645, 0), 201), ('GOAL', 6887884645, 201)]
198	[((300787971, 7295068015, 0), 0), ((7295068015, 56093548, 0), 13), ((56093548, 4923908520, 0), 35), ((4923908520, 56073414, 0), 41), ((56073414, 56055131, 0), 48), ((56055131, 6616410474, 0), 53), ((6616410474, 6616410484, 0), 56), ((6616410484, 56021345, 0), 63), ((56021345, 56030280, 0), 78), ((56030280, 56060421, 0), 81), ((56060421, 7297665396, 0), 97), ((7297665396, 56097863, 0), 104), ((56097863, 7297665435, 0), 110), ((7297665435, 354739241, 0), 111), ('GOAL', 354739241, 111)]
199	[((56026186, 356609414, 0), 0), ((356609414, 56026186, 0), 6), ((56026186, 56030606, 0), 21), ((56030606, 56129699, 0), 24), ((56129699, 56143665, 0), 33), ((56143665, 3782568110, 0), 39), ('GOAL', 3782568110, 39)]
