0	[((38096643, 38024757, 0), 0), ((38024757, 38057031, 0), 2), ((38057031, 38046725, 0), 10), ((38046725, 38058901, 0), 18), ((38058901, 38078585, 0), 28), ((38078585, 38078589, 0), 37), ('GOAL', 38078589, 37)]
1	[((1557362915, 37982991, 0), 0), ((37982991, 38062559, 0), 3), ((38062559, 38062557, 0), 9), ((38062557, 38126875, 0), 22), ((38126875, 38123182, 0), 34), ((38123182, 38038045, 0), 40), ((38038045, 38002419, 0), 49), ((38002419, 38035334, 0), 57), ((38035334, 38048952, 0), 64), ((38048952, 38096643, 0), 78), ((38096643, 38024757, 0), 116), ((38024757, 38057031, 0), 132), ((38057031, 38046725, 0), 152), ((38046725, 38058901, 0), 167), ((38058901, 38078585, 0), 178), ((38078585, 38078589, 0), 187), ('GOAL', 38078589, 187)]
2	[((38128507, 37982977, 0), 0), ((37982977, 38009439, 0), 3), ((38009439, 37987901, 0), 6), ((37987901, 38127601, 0), 9), ((38127601, 38005219, 0), 12), ((38005219, 38014590, 0), 16), ((38014590, 38063509, 0), 21), ((38063509, 38039366, 0), 25), ((38039366, 38048961, 0), 33), ((38048961, 38048956, 0), 47), ((38048956, 38048952, 0), 56), ((38048952, 38096643, 0), 71), ((38096643, 38024757, 0), 103), ((38024757, 38057031, 0), 118), ((38057031, 38046725, 0), 139), ((38046725, 38058901, 0), 153), ((38058901, 38078585, 0), 164), ((38078585, 38078589, 0), 173), ('GOAL', 38078589, 173)]
3	[((38002421, 38035340, 0), 0), ((38035340, 38048956, 0), 5), ((38048956, 38048952, 0), 10), ((38048952, 38096643, 0), 22), ((38096643, 38024757, 0), 30), ((38024757, 38057031, 0), 40), ((38057031, 38046725, 0), 60), ((38046725, 38058901, 0), 70), ((38058901, 38078585, 0), 80), ((38078585, 38078589, 0), 89), ('GOAL', 38078589, 89)]
4	[((38062559, 38062557, 0), 0), ((38062557, 38126875, 0), 4), ((38126875, 38123182, 0), 17), ((38123182, 38038045, 0), 23), ((38038045, 38002419, 0), 32), ((38002419, 38035334, 0), 40), ((38035334, 38048952, 0), 57), ((38048952, 38096643, 0), 74), ((38096643, 38024757, 0), 109), ((38024757, 38057031, 0), 124), ((38057031, 38046725, 0), 145), ((38046725, 38058901, 0), 160), ((38058901, 38078585, 0), 170), ((38078585, 38078589, 0), 179), ('GOAL', 38078589, 179)]
5	[((38062557, 38062559, 0), 0), ((38062559, 38062557, 0), 9), ((38062557, 38126875, 0), 20), ((38126875, 38123182, 0), 33), ((38123182, 38038045, 0), 39), ((38038045, 38002419, 0), 47), ((38002419, 38035334, 0), 56), ((38035334, 38048952, 0), 63), ((38048952, 38096643, 0), 77), ((38096643, 38024757, 0), 114), ((38024757, 38057031, 0), 129), ((38057031, 38046725, 0), 150), ((38046725, 38058901, 0), 165), ((38058901, 38078585, 0), 175), ((38078585, 38078589, 0), 185), ('GOAL', 38078589, 185)]
6	[((38123182, 38126875, 0), 0), ((38126875, 38123182, 0), 3), ((38123182, 38038045, 0), 9), ((38038045, 38002419, 0), 18), ((38002419, 38035334, 0), 26), ((38035334, 38048952, 0), 42), ((38048952, 38096643, 0), 57), ((38096643, 38024757, 0), 84), ((38024757, 38057031, 0), 98), ((38057031, 38046725, 0), 119), ((38046725, 38058901, 0), 132), ((38058901, 38078585, 0), 142), ((38078585, 38078589, 0), 152), ('GOAL', 38078589, 152)]
7	[((37982991, 1557362915, 0), 0), ((1557362915, 37982991, 0), 4), ((37982991, 38062559, 0), 8), ((38062559, 38062557, 0), 15), ((38062557, 38126875, 0), 29), ((38126875, 38123182, 0), 42), ((38123182, 38038045, 0), 47), ((38038045, 38002419, 0), 57), ((38002419, 38035334, 0), 65), ((38035334, 38048952, 0), 72), ((38048952, 38096643, 0), 86), ((38096643, 38024757, 0), 123), ((38024757, 38057031, 0), 139), ((38057031, 38046725, 0), 160), ((38046725, 38058901, 0), 175), ((38058901, 38078585, 0), 185), ((38078585, 38078589, 0), 195), ('GOAL', 38078589, 195)]
8	[((38063505, 38039364, 0), 0), ((38039364, 38077723, 0), 4), ((38077723, 38083061, 0), 10), ((38083061, 387669119, 0), 17), ((387669119, 38135625, 0), 27), ((38135625, 38024769, 0), 30), ((38024769, 38024763, 0), 32), ((38024763, 38024757, 0), 36), ((38024757, 38057031, 0), 42), ((38057031, 38046725, 0), 64), ((38046725, 38058901, 0), 73), ((38058901, 38078585, 0), 84), ((38078585, 38078589, 0), 93), ('GOAL', 38078589, 93)]
9	[((38014590, 38063509, 0), 0), ((38063509, 38039366, 0), 1), ((38039366, 38048961, 0), 5), ((38048961, 38048956, 0), 19), ((38048956, 38048952, 0), 28), ((38048952, 38096643, 0), 41), ((38096643, 38024757, 0), 57), ((38024757, 38057031, 0), 70), ((38057031, 38046725, 0), 91), ((38046725, 38058901, 0), 103), ((38058901, 38078585, 0), 113), ((38078585, 38078589, 0), 122), ('GOAL', 38078589, 122)]
10	[((38126875, 38123182, 0), 0), ((38123182, 38038045, 0), 5), ((38038045, 38002419, 0), 15), ((38002419, 38035334, 0), 23), ((38035334, 38048952, 0), 36), ((38048952, 38096643, 0), 51), ((38096643, 38024757, 0), 75), ((38024757, 38057031, 0), 88), ((38057031, 38046725, 0), 109), ((38046725, 38058901, 0), 122), ((38058901, 38078585, 0), 132), ((38078585, 38078589, 0), 141), ('GOAL', 38078589, 141)]
11	[((37982092, 38126878, 0), 0), ((38126878, 38126875, 0), 2), ((38126875, 38123182, 0), 7), ((38123182, 38038045, 0), 12), ((38038045, 38002419, 0), 23), ((38002419, 38035334, 0), 32), ((38035334, 38048952, 0), 50), ((38048952, 38096643, 0), 66), ((38096643, 38024757, 0), 98), ((38024757, 38057031, 0), 112), ((38057031, 38046725, 0), 133), ((38046725, 38058901, 0), 147), ((38058901, 38078585, 0), 157), ((38078585, 38078589, 0), 167), ('GOAL', 38078589, 167)]
12	[((37974745, 38078585, 0), 0), ((38078585, 38078589, 0), 6), ('GOAL', 38078589, 6)]
13	[((37982606, 38123182, 0), 0), ((38123182, 38038045, 0), 12), ((38038045, 38002419, 0), 21), ((38002419, 38035334, 0), 31), ((38035334, 38048952, 0), 49), ((38048952, 38096643, 0), 65), ((38096643, 38024757, 0), 95), ((38024757, 38057031, 0), 110), ((38057031, 38046725, 0), 131), ((38046725, 38058901, 0), 144), ((38058901, 38078585, 0), 155), ((38078585, 38078589, 0), 164), ('GOAL', 38078589, 164)]
14	[((37982610, 38126875, 0), 0), ((38126875, 38123182, 0), 2), ((38123182, 38038045, 0), 7), ((38038045, 38002419, 0), 16), ((38002419, 38035334, 0), 25), ((38035334, 38048952, 0), 39), ((38048952, 38096643, 0), 54), ((38096643, 38024757, 0), 79), ((38024757, 38057031, 0), 93), ((38057031, 38046725, 0), 114), ((38046725, 38058901, 0), 127), ((38058901, 38078585, 0), 137), ((38078585, 38078589, 0), 147), ('GOAL', 38078589, 147)]
15	[((1557362915, 37982991, 0), 0), ((37982991, 38062559, 0), 4), ((38062559, 38062557, 0), 11), ((38062557, 38126875, 0), 23), ((38126875, 38123182, 0), 35), ((38123182, 38038045, 0), 41), ((38038045, 38002419, 0), 50), ((38002419, 38035334, 0), 58), ((38035334, 38048952, 0), 65), ((38048952, 38096643, 0), 80), ((38096643, 38024757, 0), 117), ((38024757, 38057031, 0), 133), ((38057031, 38046725, 0), 154), ((38046725, 38058901, 0), 169), ((38058901, 38078585, 0), 179), ((38078585, 38078589, 0), 188), ('GOAL', 38078589, 188)]
16	[((38123182, 38126875, 0), 0), ((38126875, 38123182, 0), 5), ((38123182, 38038045, 0), 10), ((38038045, 38002419, 0), 19), ((38002419, 38035334, 0), 28), ((38035334, 38048952, 0), 44), ((38048952, 38096643, 0), 60), ((38096643, 38024757, 0), 88), ((38024757, 38057031, 0), 102), ((38057031, 38046725, 0), 124), ((38046725, 38058901, 0), 137), ((38058901, 38078585, 0), 147), ((38078585, 38078589, 0), 157), ('GOAL', 38078589, 157)]
17	[((38062559, 38027658, 0), 0)]
18	[((37982555, 38057031, 0), 0), ((38057031, 38046725, 0), 3), ((38046725, 38058901, 0), 10), ((38058901, 38078585, 0), 20), ((38078585, 38078589, 0), 30), ('GOAL', 38078589, 30)]
19	[((37982974, 37982977, 0), 0), ((37982977, 38009439, 0), 2), ((38009439, 37987901, 0), 5), ((37987901, 38127601, 0), 8), ((38127601, 38005219, 0), 11), ((38005219, 38014590, 0), 15), ((38014590, 38063509, 0), 20), ((38063509, 38039366, 0), 24), ((38039366, 38048961, 0), 31), ((38048961, 38048956, 0), 46), ((38048956, 38048952, 0), 55), ((38048952, 38096643, 0), 69), ((38096643, 38024757, 0), 101), ((38024757, 38057031, 0), 116), ((38057031, 38046725, 0), 137), ((38046725, 38058901, 0), 151), ((38058901, 38078585, 0), 161), ((38078585, 38078589, 0), 171), ('GOAL', 38078589, 171)]
20	[((387669119, 38048961, 0), 0), ((38048961, 38048956, 0), 4), ((38048956, 38048952, 0), 14), ((38048952, 38096643, 0), 30), ((38096643, 38024757, 0), 41), ((38024757, 38057031, 0), 53), ((38057031, 38046725, 0), 74), ((38046725, 38058901, 0), 85), ((38058901, 38078585, 0), 95), ((38078585, 38078589, 0), 105), ('GOAL', 38078589, 105)]
21	[((37960220, 37982606, 0), 0), ((37982606, 37982597, 0), 4), ((37982597, 37982590, 0), 9), ((37982590, 37982587, 0), 12), ((37982587, 37982582, 0), 14), ((37982582, 37982569, 0), 19), ((37982569, 37982563, 0), 24), ((37982563, 37982560, 0), 29), ((37982560, 37982555, 0), 34), ((37982555, 37982544, 0), 40), ((37982544, 38058900, 0), 45), ((38058900, 38127679, 0), 57), ((38127679, 38107786, 0), 61), ('GOAL', 38107786, 61)]
22	[((387669119, 38048961, 0), 0), ((38048961, 38048956, 0), 5), ((38048956, 38048952, 0), 16), ((38048952, 38096643, 0), 33), ((38096643, 38024757, 0), 46), ((38024757, 38057031, 0), 57), ((38057031, 38046725, 0), 79), ((38046725, 38058901, 0), 90), ((38058901, 38078585, 0), 100), ((38078585, 38078589, 0), 110), ('GOAL', 38078589, 110)]
23	[((38002421, 38002419, 0), 0), ((38002419, 38035334, 0), 3), ((38035334, 38048952, 0), 10), ((38048952, 38096643, 0), 22), ((38096643, 38024757, 0), 31), ((38024757, 38057031, 0), 41), ((38057031, 38046725, 0), 61), ((38046725, 38058901, 0), 71), ((38058901, 38078585, 0), 81), ((38078585, 38078589, 0), 91), ('GOAL', 38078589, 91)]
24	[((38077723, 38083061, 0), 0), ((38083061, 387669119, 0), 2), ((387669119, 38135625, 0), 13), ((38135625, 38024769, 0), 16), ((38024769, 38024763, 0), 18), ((38024763, 38024757, 0), 22), ((38024757, 38057031, 0), 30), ((38057031, 38046725, 0), 46), ((38046725, 38058901, 0), 54), ((38058901, 38078585, 0), 65), ((38078585, 38078589, 0), 74), ('GOAL', 38078589, 74)]
25	[((37985146, 38048877, 0), 0), ((38048877, 37985146, 0), 6), ((37985146, 2366289498, 0), 12), ((2366289498, 2366289499, 0), 19), ((2366289499, 37974745, 0), 27), ((37974745, 38078585, 0), 39), ((38078585, 38078589, 0), 51), ('GOAL', 38078589, 51)]
26	[((38002421, 38035340, 0), 0), ((38035340, 38048956, 0), 6), ((38048956, 38048952, 0), 11), ((38048952, 38096643, 0), 26), ((38096643, 38024757, 0), 34), ((38024757, 38057031, 0), 45), ((38057031, 38046725, 0), 67), ((38046725, 38058901, 0), 77), ((38058901, 38078585, 0), 88), ((38078585, 38078589, 0), 97), ('GOAL', 38078589, 97)]
27	[((38024757, 38057031, 0), 0), ((38057031, 38046725, 0), 7), ((38046725, 38058901, 0), 14), ((38058901, 38078585, 0), 24), ((38078585, 38078589, 0), 34), ('GOAL', 38078589, 34)]
28	[((38002424, 38002421, 0), 0), ((38002421, 38002419, 0), 2), ((38002419, 38035334, 0), 9), ((38035334, 38048952, 0), 16), ((38048952, 38096643, 0), 29), ((38096643, 38024757, 0), 40), ((38024757, 38057031, 0), 51), ((38057031, 38046725, 0), 73), ((38046725, 38058901, 0), 84), ((38058901, 38078585, 0), 94), ((38078585, 38078589, 0), 103), ('GOAL', 38078589, 103)]
29	[((37974742, 37974745, 0), 0), ((37974745, 38078585, 0), 1), ((38078585, 38078589, 0), 14), ('GOAL', 38078589, 14)]
30	[((37974742, 38058901, 0), 0), ((38058901, 38078585, 0), 6), ((38078585, 38078589, 0), 16), ('GOAL', 38078589, 16)]
31	[((38126878, 37982611, 0), 0), ((37982611, 37982610, 0), 4), ((37982610, 37960220, 0), 9), ((37960220, 37982606, 0), 11), ((37982606, 37982597, 0), 19), ((37982597, 37982590, 0), 23), ((37982590, 37982587, 0), 27), ((37982587, 37982582, 0), 29), ((37982582, 37982569, 0), 34), ((37982569, 37982563, 0), 39), ((37982563, 37982560, 0), 44), ((37982560, 37982555, 0), 50), ((37982555, 37982544, 0), 55), ((37982544, 38058900, 0), 61), ((38058900, 38127679, 0), 72), ((38127679, 38107786, 0), 76), ('GOAL', 38107786, 76)]
32	[((38024763, 38024769, 0), 0), ((38024769, 38024763, 0), 6), ((38024763, 38024757, 0), 10), ((38024757, 38057031, 0), 18), ((38057031, 38046725, 0), 29), ((38046725, 38058901, 0), 37), ((38058901, 38078585, 0), 47), ((38078585, 38078589, 0), 56), ('GOAL', 38078589, 56)]
33	[((38048956, 38048952, 0), 0), ((38048952, 38096643, 0), 3), ((38096643, 38024757, 0), 6), ((38024757, 38057031, 0), 11), ((38057031, 38046725, 0), 19), ((38046725, 38058901, 0), 26), ((38058901, 38078585, 0), 37), ((38078585, 38078589, 0), 46), ('GOAL', 38078589, 46)]
34	[((38038045, 37982597, 0), 0), ((37982597, 37982590, 0), 3), ((37982590, 37982587, 0), 5), ((37982587, 37982582, 0), 7), ((37982582, 37982569, 0), 13), ((37982569, 37982563, 0), 18), ((37982563, 37982560, 0), 22), ((37982560, 37982555, 0), 28), ((37982555, 37982544, 0), 33), ((37982544, 38058900, 0), 39), ((38058900, 38127679, 0), 51), ((38127679, 38107786, 0), 56), ('GOAL', 38107786, 56)]
35	[((37982590, 37982587, 0), 0), ((37982587, 37982582, 0), 2), ((37982582, 37982569, 0), 7), ((37982569, 37982563, 0), 14), ((37982563, 37982560, 0), 19), ((37982560, 37982555, 0), 25), ((37982555, 37982544, 0), 30), ((37982544, 38058900, 0), 36), ((38058900, 38127679, 0), 48), ((38127679, 38107786, 0), 53), ('GOAL', 38107786, 53)]
36	[((38048952, 38048956, 0), 0), ((38048956, 38048952, 0), 6), ((38048952, 38096643, 0), 15), ((38096643, 38024757, 0), 18), ((38024757, 38057031, 0), 26), ((38057031, 38046725, 0), 41), ((38046725, 38058901, 0), 49), ((38058901, 38078585, 0), 60), ((38078585, 38078589, 0), 69), ('GOAL', 38078589, 69)]
37	[((37982544, 37982555, 0), 0), ((37982555, 37982544, 0), 4), ((37982544, 38058900, 0), 10), ((38058900, 38127679, 0), 22), ((38127679, 38107786, 0), 27), ('GOAL', 38107786, 27)]
38	[((38035334, 38002419, 0), 0), ((38002419, 38035334, 0), 2), ((38035334, 38048952, 0), 8), ((38048952, 38096643, 0), 21), ((38096643, 38024757, 0), 29), ((38024757, 38057031, 0), 38), ((38057031, 38046725, 0), 59), ((38046725, 38058901, 0), 68), ((38058901, 38078585, 0), 79), ((38078585, 38078589, 0), 88), ('GOAL', 38078589, 88)]
39	[((38057031, 37982555, 0), 0), ((37982555, 37982544, 0), 4), ((37982544, 38058900, 0), 9), ((38058900, 38127679, 0), 20), ((38127679, 38107786, 0), 24), ('GOAL', 38107786, 24)]
40	[((37982569, 37982582, 0), 0), ((37982582, 37982569, 0), 3), ((37982569, 37982563, 0), 9), ((37982563, 37982560, 0), 14), ((37982560, 37982555, 0), 20), ((37982555, 37982544, 0), 26), ((37982544, 38058900, 0), 31), ((38058900, 38127679, 0), 43), ((38127679, 38107786, 0), 48), ('GOAL', 38107786, 48)]
41	[((38002424, 38002421, 0), 0), ((38002421, 38002419, 0), 4), ((38002419, 38035334, 0), 13), ((38035334, 38048952, 0), 22), ((38048952, 38096643, 0), 35), ((38096643, 38024757, 0), 49), ((38024757, 38057031, 0), 61), ((38057031, 38046725, 0), 83), ((38046725, 38058901, 0), 94), ((38058901, 38078585, 0), 104), ((38078585, 38078589, 0), 114), ('GOAL', 38078589, 114)]
42	[((37985146, 2366289498, 0), 0), ((2366289498, 2366289499, 0), 3), ((2366289499, 37974745, 0), 11), ((37974745, 38078585, 0), 23), ((38078585, 38078589, 0), 35), ('GOAL', 38078589, 35)]
43	[((38058900, 38058901, 0), 0), ((38058901, 38078585, 0), 13), ((38078585, 38078589, 0), 24), ('GOAL', 38078589, 24)]
44	[((38002419, 37982587, 0), 0), ((37982587, 37982582, 0), 1), ((37982582, 37982569, 0), 6), ((37982569, 37982563, 0), 12), ((37982563, 37982560, 0), 18), ((37982560, 37982555, 0), 24), ((37982555, 37982544, 0), 29), ((37982544, 38058900, 0), 35), ((38058900, 38127679, 0), 47), ((38127679, 38107786, 0), 52), ('GOAL', 38107786, 52)]
45	[((38062559, 38027658, 0), 0)]
46	[((38039364, 38077723, 0), 0), ((38077723, 38083061, 0), 3), ((38083061, 387669119, 0), 10), ((387669119, 38135625, 0), 20), ((38135625, 38024769, 0), 23), ((38024769, 38024763, 0), 25), ((38024763, 38024757, 0), 29), ((38024757, 38057031, 0), 37), ((38057031, 38046725, 0), 56), ((38046725, 38058901, 0), 66), ((38058901, 38078585, 0), 76), ((38078585, 38078589, 0), 86), ('GOAL', 38078589, 86)]
47	[((37982611, 38126878, 0), 0), ((38126878, 38126875, 0), 7), ((38126875, 38123182, 0), 12), ((38123182, 38038045, 0), 17), ((38038045, 38002419, 0), 26), ((38002419, 38035334, 0), 35), ((38035334, 38048952, 0), 54), ((38048952, 38096643, 0), 71), ((38096643, 38024757, 0), 105), ((38024757, 38057031, 0), 119), ((38057031, 38046725, 0), 140), ((38046725, 38058901, 0), 155), ((38058901, 38078585, 0), 165), ((38078585, 38078589, 0), 174), ('GOAL', 38078589, 174)]
48	[((387669119, 38048961, 0), 0), ((38048961, 38048956, 0), 6), ((38048956, 38048952, 0), 17), ((38048952, 38096643, 0), 35), ((38096643, 38024757, 0), 48), ((38024757, 38057031, 0), 60), ((38057031, 38046725, 0), 82), ((38046725, 38058901, 0), 92), ((38058901, 38078585, 0), 103), ((38078585, 38078589, 0), 112), ('GOAL', 38078589, 112)]
49	[((38002419, 38035334, 0), 0), ((38035334, 38048952, 0), 3), ((38048952, 38096643, 0), 16), ((38096643, 38024757, 0), 22), ((38024757, 38057031, 0), 30), ((38057031, 38046725, 0), 47), ((38046725, 38058901, 0), 56), ((38058901, 38078585, 0), 66), ((38078585, 38078589, 0), 75), ('GOAL', 38078589, 75)]
50	[((38005219, 38127601, 0), 0), ((38127601, 38005219, 0), 1), ((38005219, 38014590, 0), 4), ((38014590, 38063509, 0), 9), ((38063509, 38039366, 0), 14), ((38039366, 38048961, 0), 19), ((38048961, 38048956, 0), 34), ((38048956, 38048952, 0), 43), ((38048952, 38096643, 0), 56), ((38096643, 38024757, 0), 80), ((38024757, 38057031, 0), 94), ((38057031, 38046725, 0), 115), ((38046725, 38058901, 0), 128), ((38058901, 38078585, 0), 138), ((38078585, 38078589, 0), 148), ('GOAL', 38078589, 148)]
51	[((38035348, 38048961, 0), 0), ((38048961, 38048956, 0), 2), ((38048956, 38048952, 0), 13), ((38048952, 38096643, 0), 29), ((38096643, 38024757, 0), 39), ((38024757, 38057031, 0), 50), ((38057031, 38046725, 0), 72), ((38046725, 38058901, 0), 82), ((38058901, 38078585, 0), 93), ((38078585, 38078589, 0), 102), ('GOAL', 38078589, 102)]
52	[((38024769, 38024763, 0), 0), ((38024763, 38024757, 0), 2), ((38024757, 38057031, 0), 8), ((38057031, 38046725, 0), 16), ((38046725, 38058901, 0), 23), ((38058901, 38078585, 0), 33), ((38078585, 38078589, 0), 42), ('GOAL', 38078589, 42)]
53	[((38005219, 38127601, 0), 0), ((38127601, 38005219, 0), 2), ((38005219, 38014590, 0), 6), ((38014590, 38063509, 0), 11), ((38063509, 38039366, 0), 15), ((38039366, 38048961, 0), 21), ((38048961, 38048956, 0), 36), ((38048956, 38048952, 0), 45), ((38048952, 38096643, 0), 57), ((38096643, 38024757, 0), 83), ((38024757, 38057031, 0), 96), ((38057031, 38046725, 0), 118), ((38046725, 38058901, 0), 130), ((38058901, 38078585, 0), 141), ((38078585, 38078589, 0), 150), ('GOAL', 38078589, 150)]
54	[((38048952, 37982569, 0), 0), ((37982569, 37982563, 0), 3), ((37982563, 37982560, 0), 8), ((37982560, 37982555, 0), 14), ((37982555, 37982544, 0), 20), ((37982544, 38058900, 0), 25), ((38058900, 38127679, 0), 38), ((38127679, 38107786, 0), 42), ('GOAL', 38107786, 42)]
55	[((37974742, 37974745, 0), 0), ((37974745, 38078585, 0), 5), ((38078585, 38078589, 0), 17), ('GOAL', 38078589, 17)]
56	[((37975542, 38063505, 0), 0), ((38063505, 38063509, 0), 2), ((38063509, 38039366, 0), 7), ((38039366, 38048961, 0), 11), ((38048961, 38048956, 0), 25), ((38048956, 38048952, 0), 34), ((38048952, 38096643, 0), 45), ((38096643, 38024757, 0), 64), ((38024757, 38057031, 0), 77), ((38057031, 38046725, 0), 98), ((38046725, 38058901, 0), 110), ((38058901, 38078585, 0), 121), ((38078585, 38078589, 0), 130), ('GOAL', 38078589, 130)]
57	[((38127601, 38077748, 0), 0), ((38077748, 38005217, 0), 1), ((38005217, 38014586, 0), 5), ((38014586, 38063505, 0), 12), ((38063505, 38063509, 0), 15), ((38063509, 38039366, 0), 21), ((38039366, 38048961, 0), 29), ((38048961, 38048956, 0), 44), ((38048956, 38048952, 0), 53), ((38048952, 38096643, 0), 66), ((38096643, 38024757, 0), 97), ((38024757, 38057031, 0), 111), ((38057031, 38046725, 0), 132), ((38046725, 38058901, 0), 146), ((38058901, 38078585, 0), 156), ((38078585, 38078589, 0), 166), ('GOAL', 38078589, 166)]
58	[((37982582, 38035334, 0), 0), ((38035334, 38048952, 0), 2), ((38048952, 38096643, 0), 15), ((38096643, 38024757, 0), 19), ((38024757, 38057031, 0), 27), ((38057031, 38046725, 0), 42), ((38046725, 38058901, 0), 51), ((38058901, 38078585, 0), 61), ((38078585, 38078589, 0), 70), ('GOAL', 38078589, 70)]
59	[((37982555, 38057031, 0), 0), ((38057031, 38046725, 0), 4), ((38046725, 38058901, 0), 11), ((38058901, 38078585, 0), 22), ((38078585, 38078589, 0), 31), ('GOAL', 38078589, 31)]
60	[((38048952, 38048956, 0), 0), ((38048956, 38048952, 0), 9), ((38048952, 38096643, 0), 18), ((38096643, 38024757, 0), 23), ((38024757, 38057031, 0), 32), ((38057031, 38046725, 0), 49), ((38046725, 38058901, 0), 58), ((38058901, 38078585, 0), 69), ((38078585, 38078589, 0), 78), ('GOAL', 38078589, 78)]
61	[((37974742, 38058901, 0), 0), ((38058901, 38078585, 0), 11), ((38078585, 38078589, 0), 21), ('GOAL', 38078589, 21)]
62	[((38005221, 38002424, 0), 0), ((38002424, 38002421, 0), 4), ((38002421, 38002419, 0), 11), ((38002419, 38035334, 0), 20), ((38035334, 38048952, 0), 32), ((38048952, 38096643, 0), 47), ((38096643, 38024757, 0), 68), ((38024757, 38057031, 0), 80), ((38057031, 38046725, 0), 102), ((38046725, 38058901, 0), 114), ((38058901, 38078585, 0), 124), ((38078585, 38078589, 0), 134), ('GOAL', 38078589, 134)]
63	[((38009439, 37987901, 0), 0), ((37987901, 38127601, 0), 1), ((38127601, 38005219, 0), 4), ((38005219, 38014590, 0), 8), ((38014590, 38063509, 0), 13), ((38063509, 38039366, 0), 18), ((38039366, 38048961, 0), 25), ((38048961, 38048956, 0), 40), ((38048956, 38048952, 0), 49), ((38048952, 38096643, 0), 62), ((38096643, 38024757, 0), 90), ((38024757, 38057031, 0), 104), ((38057031, 38046725, 0), 125), ((38046725, 38058901, 0), 138), ((38058901, 38078585, 0), 148), ((38078585, 38078589, 0), 158), ('GOAL', 38078589, 158)]
64	[((38035334, 38048952, 0), 0), ((38048952, 38096643, 0), 8), ((38096643, 38024757, 0), 12), ((38024757, 38057031, 0), 17), ((38057031, 38046725, 0), 28), ((38046725, 38058901, 0), 35), ((38058901, 38078585, 0), 46), ((38078585, 38078589, 0), 55), ('GOAL', 38078589, 55)]
65	[((2366289498, 2366289499, 0), 0), ((2366289499, 37974745, 0), 7), ((37974745, 38078585, 0), 18), ((38078585, 38078589, 0), 31), ('GOAL', 38078589, 31)]
66	[((38024763, 38024769, 0), 0), ((38024769, 38024763, 0), 8), ((38024763, 38024757, 0), 12), ((38024757, 38057031, 0), 19), ((38057031, 38046725, 0), 31), ((38046725, 38058901, 0), 39), ((38058901, 38078585, 0), 50), ((38078585, 38078589, 0), 59), ('GOAL', 38078589, 59)]
67	[((38009439, 37987901, 0), 0), ((37987901, 38127601, 0), 3), ((38127601, 38005219, 0), 6), ((38005219, 38014590, 0), 10), ((38014590, 38063509, 0), 15), ((38063509, 38039366, 0), 19), ((38039366, 38048961, 0), 26), ((38048961, 38048956, 0), 41), ((38048956, 38048952, 0), 50), ((38048952, 38096643, 0), 63), ((38096643, 38024757, 0), 92), ((38024757, 38057031, 0), 106), ((38057031, 38046725, 0), 127), ((38046725, 38058901, 0), 141), ((38058901, 38078585, 0), 151), ((38078585, 38078589, 0), 160), ('GOAL', 38078589, 160)]
68	[((38083061, 387669119, 0), 0), ((387669119, 38135625, 0), 10), ((38135625, 38024769, 0), 13), ((38024769, 38024763, 0), 15), ((38024763, 38024757, 0), 19), ((38024757, 38057031, 0), 25), ((38057031, 38046725, 0), 40), ((38046725, 38058901, 0), 48), ((38058901, 38078585, 0), 58), ((38078585, 38078589, 0), 68), ('GOAL', 38078589, 68)]
69	[((38009439, 37982977, 0), 0), ((37982977, 38009439, 0), 5), ((38009439, 37987901, 0), 9), ((37987901, 38127601, 0), 12), ((38127601, 38005219, 0), 15), ((38005219, 38014590, 0), 19), ((38014590, 38063509, 0), 24), ((38063509, 38039366, 0), 29), ((38039366, 38048961, 0), 37), ((38048961, 38048956, 0), 51), ((38048956, 38048952, 0), 60), ((38048952, 38096643, 0), 75), ((38096643, 38024757, 0), 110), ((38024757, 38057031, 0), 125), ((38057031, 38046725, 0), 146), ((38046725, 38058901, 0), 161), ((38058901, 38078585, 0), 171), ((38078585, 38078589, 0), 181), ('GOAL', 38078589, 181)]
70	[((38062557, 38062559, 0), 0), ((38062559, 38062557, 0), 11), ((38062557, 38126875, 0), 24), ((38126875, 38123182, 0), 37), ((38123182, 38038045, 0), 42), ((38038045, 38002419, 0), 52), ((38002419, 38035334, 0), 60), ((38035334, 38048952, 0), 67), ((38048952, 38096643, 0), 81), ((38096643, 38024757, 0), 118), ((38024757, 38057031, 0), 134), ((38057031, 38046725, 0), 155), ((38046725, 38058901, 0), 170), ((38058901, 38078585, 0), 180), ((38078585, 38078589, 0), 190), ('GOAL', 38078589, 190)]
71	[((37975542, 38063505, 0), 0), ((38063505, 38063509, 0), 4), ((38063509, 38039366, 0), 11), ((38039366, 38048961, 0), 16), ((38048961, 38048956, 0), 30), ((38048956, 38048952, 0), 39), ((38048952, 38096643, 0), 51), ((38096643, 38024757, 0), 74), ((38024757, 38057031, 0), 87), ((38057031, 38046725, 0), 108), ((38046725, 38058901, 0), 120), ((38058901, 38078585, 0), 131), ((38078585, 38078589, 0), 140), ('GOAL', 38078589, 140)]
72	[((38046725, 38057031, 0), 0), ((38057031, 38046725, 0), 3), ((38046725, 38058901, 0), 8), ((38058901, 38078585, 0), 18), ((38078585, 38078589, 0), 27), ('GOAL', 38078589, 27)]
73	[((38048961, 387669119, 0), 0), ((387669119, 38135625, 0), 4), ((38135625, 38024769, 0), 7), ((38024769, 38024763, 0), 9), ((38024763, 38024757, 0), 13), ((38024757, 38057031, 0), 21), ((38057031, 38046725, 0), 32), ((38046725, 38058901, 0), 40), ((38058901, 38078585, 0), 51), ((38078585, 38078589, 0), 60), ('GOAL', 38078589, 60)]
74	[((38077748, 38127601, 0), 0), ((38127601, 38005219, 0), 3), ((38005219, 38014590, 0), 7), ((38014590, 38063509, 0), 12), ((38063509, 38039366, 0), 16), ((38039366, 38048961, 0), 23), ((38048961, 38048956, 0), 38), ((38048956, 38048952, 0), 47), ((38048952, 38096643, 0), 60), ((38096643, 38024757, 0), 87), ((38024757, 38057031, 0), 101), ((38057031, 38046725, 0), 122), ((38046725, 38058901, 0), 136), ((38058901, 38078585, 0), 146), ((38078585, 38078589, 0), 155), ('GOAL', 38078589, 155)]
75	[((38062557, 38062559, 0), 0), ((38062559, 38062557, 0), 13), ((38062557, 38126875, 0), 27), ((38126875, 38123182, 0), 39), ((38123182, 38038045, 0), 45), ((38038045, 38002419, 0), 54), ((38002419, 38035334, 0), 63), ((38035334, 38048952, 0), 69), ((38048952, 38096643, 0), 84), ((38096643, 38024757, 0), 121), ((38024757, 38057031, 0), 136), ((38057031, 38046725, 0), 157), ((38046725, 38058901, 0), 172), ((38058901, 38078585, 0), 183), ((38078585, 38078589, 0), 192), ('GOAL', 38078589, 192)]
76	[((38126875, 38126878, 0), 0), ((38126878, 38126875, 0), 4), ((38126875, 38123182, 0), 8), ((38123182, 38038045, 0), 13), ((38038045, 38002419, 0), 24), ((38002419, 38035334, 0), 33), ((38035334, 38048952, 0), 51), ((38048952, 38096643, 0), 68), ((38096643, 38024757, 0), 100), ((38024757, 38057031, 0), 115), ((38057031, 38046725, 0), 136), ((38046725, 38058901, 0), 149), ((38058901, 38078585, 0), 160), ((38078585, 38078589, 0), 169), ('GOAL', 38078589, 169)]
77	[((38107786, 38127679, 0), 0), ((38127679, 38107786, 0), 1), ('GOAL', 38107786, 1)]
78	[((37982587, 38002419, 0), 0), ((38002419, 38035334, 0), 7), ((38035334, 38048952, 0), 14), ((38048952, 38096643, 0), 26), ((38096643, 38024757, 0), 35), ((38024757, 38057031, 0), 46), ((38057031, 38046725, 0), 68), ((38046725, 38058901, 0), 78), ((38058901, 38078585, 0), 89), ((38078585, 38078589, 0), 98), ('GOAL', 38078589, 98)]
79	[((37982590, 37982597, 0), 0), ((37982597, 37982590, 0), 3), ((37982590, 37982587, 0), 7), ((37982587, 37982582, 0), 9), ((37982582, 37982569, 0), 14), ((37982569, 37982563, 0), 19), ((37982563, 37982560, 0), 24), ((37982560, 37982555, 0), 29), ((37982555, 37982544, 0), 35), ((37982544, 38058900, 0), 40), ((38058900, 38127679, 0), 52), ((38127679, 38107786, 0), 57), ('GOAL', 38107786, 57)]
80	[((38096643, 38024757, 0), 0), ((38024757, 38057031, 0), 5), ((38057031, 38046725, 0), 13), ((38046725, 38058901, 0), 20), ((38058901, 38078585, 0), 30), ((38078585, 38078589, 0), 40), ('GOAL', 38078589, 40)]
81	[((38002421, 38002424, 0), 0), ((38002424, 38002421, 0), 7), ((38002421, 38002419, 0), 12), ((38002419, 38035334, 0), 22), ((38035334, 38048952, 0), 34), ((38048952, 38096643, 0), 48), ((38096643, 38024757, 0), 70), ((38024757, 38057031, 0), 83), ((38057031, 38046725, 0), 104), ((38046725, 38058901, 0), 117), ((38058901, 38078585, 0), 127), ((38078585, 38078589, 0), 136), ('GOAL', 38078589, 136)]
82	[((38126875, 38062557, 0), 0), ((38062557, 38126875, 0), 4), ((38126875, 38123182, 0), 16), ((38123182, 38038045, 0), 22), ((38038045, 38002419, 0), 31), ((38002419, 38035334, 0), 39), ((38035334, 38048952, 0), 55), ((38048952, 38096643, 0), 72), ((38096643, 38024757, 0), 107), ((38024757, 38057031, 0), 122), ((38057031, 38046725, 0), 143), ((38046725, 38058901, 0), 157), ((38058901, 38078585, 0), 167), ((38078585, 38078589, 0), 177), ('GOAL', 38078589, 177)]
83	[((38048961, 38048956, 0), 0), ((38048956, 38048952, 0), 2), ((38048952, 38096643, 0), 7), ((38096643, 38024757, 0), 11), ((38024757, 38057031, 0), 15), ((38057031, 38046725, 0), 25), ((38046725, 38058901, 0), 33), ((38058901, 38078585, 0), 43), ((38078585, 38078589, 0), 53), ('GOAL', 38078589, 53)]
84	[((38024763, 38024757, 0), 0), ((38024757, 38057031, 0), 2), ((38057031, 38046725, 0), 11), ((38046725, 38058901, 0), 19), ((38058901, 38078585, 0), 29), ((38078585, 38078589, 0), 39), ('GOAL', 38078589, 39)]
85	[((38005221, 5434455020, 0), 0), ((5434455020, 38005221, 0), 5), ((38005221, 38002424, 0), 10), ((38002424, 38002421, 0), 14), ((38002421, 38002419, 0), 20), ((38002419, 38035334, 0), 28), ((38035334, 38048952, 0), 43), ((38048952, 38096643, 0), 59), ((38096643, 38024757, 0), 86), ((38024757, 38057031, 0), 100), ((38057031, 38046725, 0), 121), ((38046725, 38058901, 0), 134), ((38058901, 38078585, 0), 145), ((38078585, 38078589, 0), 154), ('GOAL', 38078589, 154)]
86	[((37982582, 37982569, 0), 0), ((37982569, 37982563, 0), 5), ((37982563, 37982560, 0), 9), ((37982560, 37982555, 0), 15), ((37982555, 37982544, 0), 22), ((37982544, 38058900, 0), 27), ((38058900, 38127679, 0), 39), ((38127679, 38107786, 0), 44), ('GOAL', 38107786, 44)]
87	[((37982563, 37982560, 0), 0), ((37982560, 37982555, 0), 6), ((37982555, 37982544, 0), 11), ((37982544, 38058900, 0), 16), ((38058900, 38127679, 0), 28), ((38127679, 38107786, 0), 33), ('GOAL', 38107786, 33)]
88	[((38127601, 38077748, 0), 0), ((38077748, 38005217, 0), 2), ((38005217, 38014586, 0), 6), ((38014586, 38063505, 0), 14), ((38063505, 38063509, 0), 17), ((38063509, 38039366, 0), 22), ((38039366, 38048961, 0), 30), ((38048961, 38048956, 0), 45), ((38048956, 38048952, 0), 54), ((38048952, 38096643, 0), 68), ((38096643, 38024757, 0), 99), ((38024757, 38057031, 0), 113), ((38057031, 38046725, 0), 134), ((38046725, 38058901, 0), 148), ((38058901, 38078585, 0), 159), ((38078585, 38078589, 0), 168), ('GOAL', 38078589, 168)]
89	[((38062559, 37982991, 0), 0), ((37982991, 38062559, 0), 7), ((38062559, 38062557, 0), 14), ((38062557, 38126875, 0), 28), ((38126875, 38123182, 0), 40), ((38123182, 38038045, 0), 46), ((38038045, 38002419, 0), 56), ((38002419, 38035334, 0), 64), ((38035334, 38048952, 0), 71), ((38048952, 38096643, 0), 85), ((38096643, 38024757, 0), 122), ((38024757, 38057031, 0), 138), ((38057031, 38046725, 0), 158), ((38046725, 38058901, 0), 174), ((38058901, 38078585, 0), 184), ((38078585, 38078589, 0), 193), ('GOAL', 38078589, 193)]
90	[((38057031, 37982555, 0), 0), ((37982555, 37982544, 0), 5), ((37982544, 38058900, 0), 12), ((38058900, 38127679, 0), 24), ((38127679, 38107786, 0), 28), ('GOAL', 38107786, 28)]
91	[((38096643, 38048952, 0), 0), ((38048952, 38096643, 0), 3), ((38096643, 38024757, 0), 7), ((38024757, 38057031, 0), 13), ((38057031, 38046725, 0), 22), ((38046725, 38058901, 0), 29), ((38058901, 38078585, 0), 39), ((38078585, 38078589, 0), 49), ('GOAL', 38078589, 49)]
92	[((38058900, 37982544, 0), 0), ((37982544, 38058900, 0), 9), ((38058900, 38127679, 0), 21), ((38127679, 38107786, 0), 26), ('GOAL', 38107786, 26)]
93	[((38063509, 38039366, 0), 0), ((38039366, 38048961, 0), 3), ((38048961, 38048956, 0), 18), ((38048956, 38048952, 0), 27), ((38048952, 38096643, 0), 39), ((38096643, 38024757, 0), 55), ((38024757, 38057031, 0), 67), ((38057031, 38046725, 0), 89), ((38046725, 38058901, 0), 100), ((38058901, 38078585, 0), 110), ((38078585, 38078589, 0), 120), ('GOAL', 38078589, 120)]
94	[((37982582, 38035334, 0), 0), ((38035334, 38048952, 0), 6), ((38048952, 38096643, 0), 19), ((38096643, 38024757, 0), 26), ((38024757, 38057031, 0), 36), ((38057031, 38046725, 0), 55), ((38046725, 38058901, 0), 65), ((38058901, 38078585, 0), 75), ((38078585, 38078589, 0), 84), ('GOAL', 38078589, 84)]
95	[((6563450918, 38057031, 0), 0), ((38057031, 38046725, 0), 6), ((38046725, 38058901, 0), 12), ((38058901, 38078585, 0), 23), ((38078585, 38078589, 0), 32), ('GOAL', 38078589, 32)]
96	[((38057031, 37982555, 0), 0), ((37982555, 37982544, 0), 7), ((37982544, 38058900, 0), 14), ((38058900, 38127679, 0), 26), ((38127679, 38107786, 0), 31), ('GOAL', 38107786, 31)]
97	[((38048956, 38048952, 0), 0), ((38048952, 38096643, 0), 5), ((38096643, 38024757, 0), 8), ((38024757, 38057031, 0), 14), ((38057031, 38046725, 0), 23), ((38046725, 38058901, 0), 30), ((38058901, 38078585, 0), 41), ((38078585, 38078589, 0), 50), ('GOAL', 38078589, 50)]
98	[((38039366, 38048961, 0), 0), ((38048961, 38048956, 0), 1), ((38048956, 38048952, 0), 11), ((38048952, 38096643, 0), 24), ((38096643, 38024757, 0), 32), ((38024757, 38057031, 0), 42), ((38057031, 38046725, 0), 62), ((38046725, 38058901, 0), 72), ((38058901, 38078585, 0), 82), ((38078585, 38078589, 0), 92), ('GOAL', 38078589, 92)]
99	[((38046725, 37982544, 0), 0), ((37982544, 38058900, 0), 2), ((38058900, 38127679, 0), 15), ((38127679, 38107786, 0), 20), ('GOAL', 38107786, 20)]
100	[((38048961, 38048956, 0), 0), ((38048956, 38048952, 0), 5), ((38048952, 38096643, 0), 12), ((38096643, 38024757, 0), 16), ((38024757, 38057031, 0), 24), ((38057031, 38046725, 0), 37), ((38046725, 38058901, 0), 45), ((38058901, 38078585, 0), 56), ((38078585, 38078589, 0), 65), ('GOAL', 38078589, 65)]
101	[((38078585, 38058901, 0), 0), ((38058901, 38078585, 0), 10), ((38078585, 38078589, 0), 19), ('GOAL', 38078589, 19)]
102	[((38024763, 38024769, 0), 0), ((38024769, 38024763, 0), 9), ((38024763, 38024757, 0), 14), ((38024757, 38057031, 0), 22), ((38057031, 38046725, 0), 35), ((38046725, 38058901, 0), 43), ((38058901, 38078585, 0), 53), ((38078585, 38078589, 0), 63), ('GOAL', 38078589, 63)]
103	[((38046725, 37974740, 0), 0), ((37974740, 37974742, 0), 1), ((37974742, 37974745, 0), 10), ((37974745, 38078585, 0), 20), ((38078585, 38078589, 0), 32), ('GOAL', 38078589, 32)]
104	[((38002421, 38035340, 0), 0), ((38035340, 38048956, 0), 7), ((38048956, 38048952, 0), 13), ((38048952, 38096643, 0), 27), ((38096643, 38024757, 0), 37), ((38024757, 38057031, 0), 48), ((38057031, 38046725, 0), 70), ((38046725, 38058901, 0), 80), ((38058901, 38078585, 0), 90), ((38078585, 38078589, 0), 100), ('GOAL', 38078589, 100)]
105	[((37982977, 38128507, 0), 0), ((38128507, 37982977, 0), 3), ((37982977, 38009439, 0), 7), ((38009439, 37987901, 0), 10), ((37987901, 38127601, 0), 13), ((38127601, 38005219, 0), 17), ((38005219, 38014590, 0), 20), ((38014590, 38063509, 0), 25), ((38063509, 38039366, 0), 30), ((38039366, 38048961, 0), 38), ((38048961, 38048956, 0), 53), ((38048956, 38048952, 0), 62), ((38048952, 38096643, 0), 77), ((38096643, 38024757, 0), 113), ((38024757, 38057031, 0), 128), ((38057031, 38046725, 0), 149), ((38046725, 38058901, 0), 163), ((38058901, 38078585, 0), 174), ((38078585, 38078589, 0), 183), ('GOAL', 38078589, 183)]
106	[((37982587, 38002419, 0), 0), ((38002419, 38035334, 0), 9), ((38035334, 38048952, 0), 15), ((38048952, 38096643, 0), 27), ((38096643, 38024757, 0), 38), ((38024757, 38057031, 0), 49), ((38057031, 38046725, 0), 71), ((38046725, 38058901, 0), 81), ((38058901, 38078585, 0), 91), ((38078585, 38078589, 0), 101), ('GOAL', 38078589, 101)]
107	[((38035334, 37982582, 0), 0), ((37982582, 37982569, 0), 2), ((37982569, 37982563, 0), 6), ((37982563, 37982560, 0), 12), ((37982560, 37982555, 0), 18), ((37982555, 37982544, 0), 23), ((37982544, 38058900, 0), 28), ((38058900, 38127679, 0), 40), ((38127679, 38107786, 0), 45), ('GOAL', 38107786, 45)]
108	[((38035348, 38002424, 0), 0), ((38002424, 38002421, 0), 3), ((38002421, 38002419, 0), 10), ((38002419, 38035334, 0), 19), ((38035334, 38048952, 0), 31), ((38048952, 38096643, 0), 45), ((38096643, 38024757, 0), 65), ((38024757, 38057031, 0), 78), ((38057031, 38046725, 0), 100), ((38046725, 38058901, 0), 111), ((38058901, 38078585, 0), 122), ((38078585, 38078589, 0), 131), ('GOAL', 38078589, 131)]
109	[((37982977, 37982974, 0), 0), ((37982974, 37982977, 0), 1), ((37982977, 38009439, 0), 4), ((38009439, 37987901, 0), 7), ((37987901, 38127601, 0), 10), ((38127601, 38005219, 0), 13), ((38005219, 38014590, 0), 17), ((38014590, 38063509, 0), 22), ((38063509, 38039366, 0), 26), ((38039366, 38048961, 0), 34), ((38048961, 38048956, 0), 49), ((38048956, 38048952, 0), 58), ((38048952, 38096643, 0), 72), ((38096643, 38024757, 0), 106), ((38024757, 38057031, 0), 121), ((38057031, 38046725, 0), 142), ((38046725, 38058901, 0), 156), ((38058901, 38078585, 0), 166), ((38078585, 38078589, 0), 176), ('GOAL', 38078589, 176)]
110	[((37982544, 38046725, 0), 0), ((38046725, 38058901, 0), 4), ((38058901, 38078585, 0), 13), ((38078585, 38078589, 0), 23), ('GOAL', 38078589, 23)]
111	[((38005221, 5434455020, 0), 0), ((5434455020, 38005221, 0), 7), ((38005221, 38002424, 0), 11), ((38002424, 38002421, 0), 17), ((38002421, 38002419, 0), 22), ((38002419, 38035334, 0), 29), ((38035334, 38048952, 0), 46), ((38048952, 38096643, 0), 62), ((38096643, 38024757, 0), 91), ((38024757, 38057031, 0), 105), ((38057031, 38046725, 0), 126), ((38046725, 38058901, 0), 139), ((38058901, 38078585, 0), 150), ((38078585, 38078589, 0), 159), ('GOAL', 38078589, 159)]
112	[((38078589, 38078585, 0), 0), ((38078585, 38078589, 0), 4), ('GOAL', 38078589, 4)]
113	[((38039366, 38083061, 0), 0), ((38083061, 387669119, 0), 2), ((387669119, 38135625, 0), 12), ((38135625, 38024769, 0), 15), ((38024769, 38024763, 0), 17), ((38024763, 38024757, 0), 21), ((38024757, 38057031, 0), 29), ((38057031, 38046725, 0), 43), ((38046725, 38058901, 0), 52), ((38058901, 38078585, 0), 62), ((38078585, 38078589, 0), 72), ('GOAL', 38078589, 72)]
114	[((37982544, 38046725, 0), 0), ((38046725, 38058901, 0), 8), ((38058901, 38078585, 0), 19), ((38078585, 38078589, 0), 29), ('GOAL', 38078589, 29)]
115	[((38058901, 37974742, 0), 0), ((37974742, 37974745, 0), 4), ((37974745, 38078585, 0), 13), ((38078585, 38078589, 0), 26), ('GOAL', 38078589, 26)]
116	[((38039366, 38048961, 0), 0), ((38048961, 38048956, 0), 4), ((38048956, 38048952, 0), 15), ((38048952, 38096643, 0), 32), ((38096643, 38024757, 0), 44), ((38024757, 38057031, 0), 55), ((38057031, 38046725, 0), 77), ((38046725, 38058901, 0), 87), ((38058901, 38078585, 0), 98), ((38078585, 38078589, 0), 107), ('GOAL', 38078589, 107)]
117	[((38048956, 38048961, 0), 0), ((38048961, 38048956, 0), 1), ((38048956, 38048952, 0), 10), ((38048952, 38096643, 0), 21), ((38096643, 38024757, 0), 27), ((38024757, 38057031, 0), 37), ((38057031, 38046725, 0), 58), ((38046725, 38058901, 0), 67), ((38058901, 38078585, 0), 77), ((38078585, 38078589, 0), 87), ('GOAL', 38078589, 87)]
118	[((37982587, 38002419, 0), 0), ((38002419, 38035334, 0), 10), ((38035334, 38048952, 0), 18), ((38048952, 38096643, 0), 30), ((38096643, 38024757, 0), 42), ((38024757, 38057031, 0), 54), ((38057031, 38046725, 0), 76), ((38046725, 38058901, 0), 86), ((38058901, 38078585, 0), 96), ((38078585, 38078589, 0), 106), ('GOAL', 38078589, 106)]
119	[((37982977, 37982974, 0), 0), ((37982974, 37982977, 0), 3), ((37982977, 38009439, 0), 5), ((38009439, 37987901, 0), 8), ((37987901, 38127601, 0), 11), ((38127601, 38005219, 0), 14), ((38005219, 38014590, 0), 18), ((38014590, 38063509, 0), 23), ((38063509, 38039366, 0), 28), ((38039366, 38048961, 0), 35), ((38048961, 38048956, 0), 50), ((38048956, 38048952, 0), 59), ((38048952, 38096643, 0), 74), ((38096643, 38024757, 0), 108), ((38024757, 38057031, 0), 123), ((38057031, 38046725, 0), 144), ((38046725, 38058901, 0), 158), ((38058901, 38078585, 0), 169), ((38078585, 38078589, 0), 178), ('GOAL', 38078589, 178)]
120	[((37974742, 2366289498, 0), 0), ((2366289498, 2366289499, 0), 6), ((2366289499, 37974745, 0), 14), ((37974745, 38078585, 0), 25), ((38078585, 38078589, 0), 38), ('GOAL', 38078589, 38)]
121	[((37985146, 38048877, 0), 0), ((38048877, 37985146, 0), 7), ((37985146, 2366289498, 0), 13), ((2366289498, 2366289499, 0), 21), ((2366289499, 37974745, 0), 28), ((37974745, 38078585, 0), 40), ((38078585, 38078589, 0), 53), ('GOAL', 38078589, 53)]
122	[((38127679, 38078585, 0), 0), ((38078585, 38078589, 0), 7), ('GOAL', 38078589, 7)]
123	[((38035340, 38048956, 0), 0), ((38048956, 38048952, 0), 5), ((38048952, 38096643, 0), 11), ((38096643, 38024757, 0), 14), ((38024757, 38057031, 0), 21), ((38057031, 38046725, 0), 34), ((38046725, 38058901, 0), 42), ((38058901, 38078585, 0), 52), ((38078585, 38078589, 0), 62), ('GOAL', 38078589, 62)]
124	[((38057031, 6563450918, 0), 0), ((6563450918, 38057031, 0), 6), ((38057031, 38046725, 0), 14), ((38046725, 38058901, 0), 21), ((38058901, 38078585, 0), 32), ((38078585, 38078589, 0), 41), ('GOAL', 38078589, 41)]
125	[((2366289498, 37974742, 0), 0), ((37974742, 37974745, 0), 11), ((37974745, 38078585, 0), 21), ((38078585, 38078589, 0), 34), ('GOAL', 38078589, 34)]
126	[((38039366, 38048961, 0), 0), ((38048961, 38048956, 0), 9), ((38048956, 38048952, 0), 20), ((38048952, 38096643, 0), 38), ((38096643, 38024757, 0), 53), ((38024757, 38057031, 0), 65), ((38057031, 38046725, 0), 86), ((38046725, 38058901, 0), 97), ((38058901, 38078585, 0), 108), ((38078585, 38078589, 0), 117), ('GOAL', 38078589, 117)]
127	[((38078585, 38078589, 0), 0), ('GOAL', 38078589, None)]
128	[((37974740, 37974742, 0), 0), ((37974742, 37974745, 0), 2), ((37974745, 38078585, 0), 12), ((38078585, 38078589, 0), 24), ('GOAL', 38078589, 24)]
129	[((37982569, 37982563, 0), 0), ((37982563, 37982560, 0), 4), ((37982560, 37982555, 0), 10), ((37982555, 37982544, 0), 16), ((37982544, 38058900, 0), 21), ((38058900, 38127679, 0), 32), ((38127679, 38107786, 0), 37), ('GOAL', 38107786, 37)]
130	[((38039364, 38063505, 0), 0), ((38063505, 38063509, 0), 10), ((38063509, 38039366, 0), 16), ((38039366, 38048961, 0), 22), ((38048961, 38048956, 0), 37), ((38048956, 38048952, 0), 46), ((38048952, 38096643, 0), 59), ((38096643, 38024757, 0), 85), ((38024757, 38057031, 0), 99), ((38057031, 38046725, 0), 120), ((38046725, 38058901, 0), 133), ((38058901, 38078585, 0), 143), ((38078585, 38078589, 0), 153), ('GOAL', 38078589, 153)]
131	[((38002419, 38035334, 0), 0), ((38035334, 38048952, 0), 4), ((38048952, 38096643, 0), 18), ((38096643, 38024757, 0), 24), ((38024757, 38057031, 0), 33), ((38057031, 38046725, 0), 50), ((38046725, 38058901, 0), 59), ((38058901, 38078585, 0), 70), ((38078585, 38078589, 0), 79), ('GOAL', 38078589, 79)]
132	[((6563450916, 6563450917, 0), 0), ((6563450917, 38048877, 0), 2), ((38048877, 37985146, 0), 14), ((37985146, 2366289498, 0), 20), ((2366289498, 2366289499, 0), 27), ((2366289499, 37974745, 0), 35), ((37974745, 38078585, 0), 46), ((38078585, 38078589, 0), 59), ('GOAL', 38078589, 59)]
133	[((38127679, 38107786, 0), 0), ('GOAL', 38107786, None)]
134	[((38024757, 37982560, 0), 0), ((37982560, 37982555, 0), 11), ((37982555, 37982544, 0), 18), ((37982544, 38058900, 0), 23), ((38058900, 38127679, 0), 35), ((38127679, 38107786, 0), 40), ('GOAL', 38107786, 40)]
135	[((37982569, 37982563, 0), 0), ((37982563, 37982560, 0), 6), ((37982560, 37982555, 0), 11), ((37982555, 37982544, 0), 17), ((37982544, 38058900, 0), 22), ((38058900, 38127679, 0), 34), ((38127679, 38107786, 0), 38), ('GOAL', 38107786, 38)]
136	[((37982569, 37982563, 0), 0), ((37982563, 37982560, 0), 7), ((37982560, 37982555, 0), 13), ((37982555, 37982544, 0), 19), ((37982544, 38058900, 0), 24), ((38058900, 38127679, 0), 36), ((38127679, 38107786, 0), 41), ('GOAL', 38107786, 41)]
137	[((38005221, 5434455020, 0), 0), ((5434455020, 38005221, 0), 8), ((38005221, 38002424, 0), 13), ((38002424, 38002421, 0), 18), ((38002421, 38002419, 0), 24), ((38002419, 38035334, 0), 31), ((38035334, 38048952, 0), 47), ((38048952, 38096643, 0), 63), ((38096643, 38024757, 0), 93), ((38024757, 38057031, 0), 107), ((38057031, 38046725, 0), 128), ((38046725, 38058901, 0), 142), ((38058901, 38078585, 0), 152), ((38078585, 38078589, 0), 162), ('GOAL', 38078589, 162)]
138	[((38127679, 38078585, 0), 0), ((38078585, 38078589, 0), 9), ('GOAL', 38078589, 9)]
139	[((38014590, 38063509, 0), 0), ((38063509, 38039366, 0), 5), ((38039366, 38048961, 0), 8), ((38048961, 38048956, 0), 22), ((38048956, 38048952, 0), 31), ((38048952, 38096643, 0), 42), ((38096643, 38024757, 0), 60), ((38024757, 38057031, 0), 72), ((38057031, 38046725, 0), 94), ((38046725, 38058901, 0), 105), ((38058901, 38078585, 0), 115), ((38078585, 38078589, 0), 125), ('GOAL', 38078589, 125)]
140	[((37985146, 2366289498, 0), 0), ((2366289498, 2366289499, 0), 8), ((2366289499, 37974745, 0), 16), ((37974745, 38078585, 0), 27), ((38078585, 38078589, 0), 40), ('GOAL', 38078589, 40)]
141	[((37982587, 37982582, 0), 0), ((37982582, 37982569, 0), 3), ((37982569, 37982563, 0), 8), ((37982563, 37982560, 0), 13), ((37982560, 37982555, 0), 19), ((37982555, 37982544, 0), 24), ((37982544, 38058900, 0), 29), ((38058900, 38127679, 0), 42), ((38127679, 38107786, 0), 46), ('GOAL', 38107786, 46)]
142	[((38063509, 38063505, 0), 0), ((38063505, 38063509, 0), 4), ((38063509, 38039366, 0), 10), ((38039366, 38048961, 0), 14), ((38048961, 38048956, 0), 29), ((38048956, 38048952, 0), 38), ((38048952, 38096643, 0), 50), ((38096643, 38024757, 0), 71), ((38024757, 38057031, 0), 84), ((38057031, 38046725, 0), 106), ((38046725, 38058901, 0), 118), ((38058901, 38078585, 0), 128), ((38078585, 38078589, 0), 138), ('GOAL', 38078589, 138)]
143	[((37982611, 37982091, 0), 0), ((37982091, 37982611, 0), 2), ((37982611, 37982610, 0), 4), ((37982610, 37960220, 0), 8), ((37960220, 37982606, 0), 10), ((37982606, 37982597, 0), 17), ((37982597, 37982590, 0), 22), ((37982590, 37982587, 0), 25), ((37982587, 37982582, 0), 27), ((37982582, 37982569, 0), 32), ((37982569, 37982563, 0), 37), ((37982563, 37982560, 0), 42), ((37982560, 37982555, 0), 48), ((37982555, 37982544, 0), 53), ((37982544, 38058900, 0), 58), ((38058900, 38127679, 0), 70), ((38127679, 38107786, 0), 75), ('GOAL', 38107786, 75)]
144	[((6563450918, 38057031, 0), 0), ((38057031, 38046725, 0), 9), ((38046725, 38058901, 0), 15), ((38058901, 38078585, 0), 25), ((38078585, 38078589, 0), 35), ('GOAL', 38078589, 35)]
145	[((387669119, 38083061, 0), 0), ((38083061, 387669119, 0), 4), ((387669119, 38135625, 0), 14), ((38135625, 38024769, 0), 17), ((38024769, 38024763, 0), 19), ((38024763, 38024757, 0), 23), ((38024757, 38057031, 0), 32), ((38057031, 38046725, 0), 48), ((38046725, 38058901, 0), 57), ((38058901, 38078585, 0), 67), ((38078585, 38078589, 0), 77), ('GOAL', 38078589, 77)]
146	[((38048961, 38048956, 0), 0), ((38048956, 38048952, 0), 9), ((38048952, 38096643, 0), 19), ((38096643, 38024757, 0), 25), ((38024757, 38057031, 0), 34), ((38057031, 38046725, 0), 53), ((38046725, 38058901, 0), 62), ((38058901, 38078585, 0), 72), ((38078585, 38078589, 0), 82), ('GOAL', 38078589, 82)]
147	[((38014586, 38063505, 0), 0), ((38063505, 38063509, 0), 2), ((38063509, 38039366, 0), 8), ((38039366, 38048961, 0), 12), ((38048961, 38048956, 0), 26), ((38048956, 38048952, 0), 35), ((38048952, 38096643, 0), 47), ((38096643, 38024757, 0), 67), ((38024757, 38057031, 0), 79), ((38057031, 38046725, 0), 101), ((38046725, 38058901, 0), 113), ((38058901, 38078585, 0), 123), ((38078585, 38078589, 0), 133), ('GOAL', 38078589, 133)]
148	[((38083061, 38077723, 0), 0), ((38077723, 38083061, 0), 1), ((38083061, 387669119, 0), 8), ((387669119, 38135625, 0), 17), ((38135625, 38024769, 0), 20), ((38024769, 38024763, 0), 22), ((38024763, 38024757, 0), 26), ((38024757, 38057031, 0), 33), ((38057031, 38046725, 0), 52), ((38046725, 38058901, 0), 61), ((38058901, 38078585, 0), 71), ((38078585, 38078589, 0), 81), ('GOAL', 38078589, 81)]
149	[((38002424, 38002421, 0), 0), ((38002421, 38002419, 0), 6), ((38002419, 38035334, 0), 14), ((38035334, 38048952, 0), 24), ((38048952, 38096643, 0), 38), ((38096643, 38024757, 0), 54), ((38024757, 38057031, 0), 66), ((38057031, 38046725, 0), 88), ((38046725, 38058901, 0), 99), ((38058901, 38078585, 0), 109), ((38078585, 38078589, 0), 119), ('GOAL', 38078589, 119)]
150	[((6563450916, 6563450917, 0), 0), ((6563450917, 38048877, 0), 4), ((38048877, 37985146, 0), 15), ((37985146, 2366289498, 0), 21), ((2366289498, 2366289499, 0), 28), ((2366289499, 37974745, 0), 36), ((37974745, 38078585, 0), 48), ((38078585, 38078589, 0), 60), ('GOAL', 38078589, 60)]
151	[((38035340, 38048956, 0), 0), ((38048956, 38048952, 0), 6), ((38048952, 38096643, 0), 13), ((38096643, 38024757, 0), 17), ((38024757, 38057031, 0), 25), ((38057031, 38046725, 0), 38), ((38046725, 38058901, 0), 47), ((38058901, 38078585, 0), 57), ((38078585, 38078589, 0), 67), ('GOAL', 38078589, 67)]
152	[((37975531, 38077723, 0), 0), ((38077723, 38083061, 0), 12), ((38083061, 387669119, 0), 19), ((387669119, 38135625, 0), 29), ((38135625, 38024769, 0), 32), ((38024769, 38024763, 0), 34), ((38024763, 38024757, 0), 38), ((38024757, 38057031, 0), 44), ((38057031, 38046725, 0), 66), ((38046725, 38058901, 0), 76), ((38058901, 38078585, 0), 86), ((38078585, 38078589, 0), 96), ('GOAL', 38078589, 96)]
153	[((38046725, 37974740, 0), 0), ((37974740, 37974742, 0), 6), ((37974742, 37974745, 0), 16), ((37974745, 38078585, 0), 25), ((38078585, 38078589, 0), 39), ('GOAL', 38078589, 39)]
154	[((38014590, 38063509, 0), 0), ((38063509, 38039366, 0), 6), ((38039366, 38048961, 0), 9), ((38048961, 38048956, 0), 24), ((38048956, 38048952, 0), 33), ((38048952, 38096643, 0), 44), ((38096643, 38024757, 0), 62), ((38024757, 38057031, 0), 74), ((38057031, 38046725, 0), 96), ((38046725, 38058901, 0), 108), ((38058901, 38078585, 0), 118), ((38078585, 38078589, 0), 127), ('GOAL', 38078589, 127)]
155	[((1557362915, 37982991, 0), 0), ((37982991, 38062559, 0), 5), ((38062559, 38062557, 0), 13), ((38062557, 38126875, 0), 25), ((38126875, 38123182, 0), 38), ((38123182, 38038045, 0), 44), ((38038045, 38002419, 0), 53), ((38002419, 38035334, 0), 62), ((38035334, 38048952, 0), 68), ((38048952, 38096643, 0), 82), ((38096643, 38024757, 0), 120), ((38024757, 38057031, 0), 135), ((38057031, 38046725, 0), 156), ((38046725, 38058901, 0), 171), ((38058901, 38078585, 0), 181), ((38078585, 38078589, 0), 191), ('GOAL', 38078589, 191)]
156	[((38014586, 38063505, 0), 0), ((38063505, 38063509, 0), 3), ((38063509, 38039366, 0), 9), ((38039366, 38048961, 0), 13), ((38048961, 38048956, 0), 28), ((38048956, 38048952, 0), 37), ((38048952, 38096643, 0), 48), ((38096643, 38024757, 0), 69), ((38024757, 38057031, 0), 82), ((38057031, 38046725, 0), 103), ((38046725, 38058901, 0), 115), ((38058901, 38078585, 0), 126), ((38078585, 38078589, 0), 135), ('GOAL', 38078589, 135)]
157	[((38024757, 38024763, 0), 0), ((38024763, 38024757, 0), 7), ((38024757, 38057031, 0), 14), ((38057031, 38046725, 0), 24), ((38046725, 38058901, 0), 32), ((38058901, 38078585, 0), 42), ((38078585, 38078589, 0), 51), ('GOAL', 38078589, 51)]
158	[((38005217, 38014586, 0), 0), ((38014586, 38063505, 0), 4), ((38063505, 38063509, 0), 7), ((38063509, 38039366, 0), 14), ((38039366, 38048961, 0), 18), ((38048961, 38048956, 0), 33), ((38048956, 38048952, 0), 42), ((38048952, 38096643, 0), 54), ((38096643, 38024757, 0), 78), ((38024757, 38057031, 0), 91), ((38057031, 38046725, 0), 113), ((38046725, 38058901, 0), 125), ((38058901, 38078585, 0), 136), ((38078585, 38078589, 0), 145), ('GOAL', 38078589, 145)]
159	[((38127679, 38078585, 0), 0), ((38078585, 38078589, 0), 11), ('GOAL', 38078589, 11)]
160	[((38126875, 38126878, 0), 0), ((38126878, 38126875, 0), 5), ((38126875, 38123182, 0), 10), ((38123182, 38038045, 0), 15), ((38038045, 38002419, 0), 25), ((38002419, 38035334, 0), 34), ((38035334, 38048952, 0), 53), ((38048952, 38096643, 0), 69), ((38096643, 38024757, 0), 102), ((38024757, 38057031, 0), 117), ((38057031, 38046725, 0), 138), ((38046725, 38058901, 0), 152), ((38058901, 38078585, 0), 162), ((38078585, 38078589, 0), 172), ('GOAL', 38078589, 172)]
161	[((37982597, 38038045, 0), 0), ((38038045, 38002419, 0), 4), ((38002419, 38035334, 0), 12), ((38035334, 38048952, 0), 20), ((38048952, 38096643, 0), 33), ((38096643, 38024757, 0), 47), ((38024757, 38057031, 0), 59), ((38057031, 38046725, 0), 80), ((38046725, 38058901, 0), 91), ((38058901, 38078585, 0), 102), ((38078585, 38078589, 0), 111), ('GOAL', 38078589, 111)]
162	[((38077748, 37975556, 0), 0), ((37975556, 38077748, 0), 3), ((38077748, 38005217, 0), 12), ((38005217, 38014586, 0), 16), ((38014586, 38063505, 0), 24), ((38063505, 38063509, 0), 27), ((38063509, 38039366, 0), 32), ((38039366, 38048961, 0), 39), ((38048961, 38048956, 0), 54), ((38048956, 38048952, 0), 63), ((38048952, 38096643, 0), 78), ((38096643, 38024757, 0), 115), ((38024757, 38057031, 0), 130), ((38057031, 38046725, 0), 151), ((38046725, 38058901, 0), 166), ((38058901, 38078585, 0), 176), ((38078585, 38078589, 0), 186), ('GOAL', 38078589, 186)]
163	[((387669119, 38083061, 0), 0), ((38083061, 387669119, 0), 8), ((387669119, 38135625, 0), 19), ((38135625, 38024769, 0), 22), ((38024769, 38024763, 0), 24), ((38024763, 38024757, 0), 28), ((38024757, 38057031, 0), 36), ((38057031, 38046725, 0), 54), ((38046725, 38058901, 0), 63), ((38058901, 38078585, 0), 74), ((38078585, 38078589, 0), 83), ('GOAL', 38078589, 83)]
164	[((38046725, 38058901, 0), 0), ((38058901, 38078585, 0), 1), ((38078585, 38078589, 0), 11), ('GOAL', 38078589, 11)]
165	[((38048877, 6563450917, 0), 0), ((6563450917, 38048877, 0), 2), ((38048877, 37985146, 0), 12), ((37985146, 2366289498, 0), 18), ((2366289498, 2366289499, 0), 25), ((2366289499, 37974745, 0), 33), ((37974745, 38078585, 0), 45), ((38078585, 38078589, 0), 57), ('GOAL', 38078589, 57)]
166	[((387669119, 38048961, 0), 0), ((38048961, 38048956, 0), 7), ((38048956, 38048952, 0), 18), ((38048952, 38096643, 0), 36), ((38096643, 38024757, 0), 50), ((38024757, 38057031, 0), 62), ((38057031, 38046725, 0), 84), ((38046725, 38058901, 0), 95), ((38058901, 38078585, 0), 105), ((38078585, 38078589, 0), 115), ('GOAL', 38078589, 115)]
167	[((38024757, 38057031, 0), 0), ((38057031, 38046725, 0), 9), ((38046725, 38058901, 0), 16), ((38058901, 38078585, 0), 27), ((38078585, 38078589, 0), 36), ('GOAL', 38078589, 36)]
168	[((38002424, 38002421, 0), 0), ((38002421, 38002419, 0), 7), ((38002419, 38035334, 0), 17), ((38035334, 38048952, 0), 28), ((38048952, 38096643, 0), 42), ((38096643, 38024757, 0), 61), ((38024757, 38057031, 0), 73), ((38057031, 38046725, 0), 95), ((38046725, 38058901, 0), 106), ((38058901, 38078585, 0), 117), ((38078585, 38078589, 0), 126), ('GOAL', 38078589, 126)]
169	[((38062559, 38062557, 0), 0), ((38062557, 38126875, 0), 6), ((38126875, 38123182, 0), 19), ((38123182, 38038045, 0), 24), ((38038045, 38002419, 0), 34), ((38002419, 38035334, 0), 42), ((38035334, 38048952, 0), 58), ((38048952, 38096643, 0), 75), ((38096643, 38024757, 0), 112), ((38024757, 38057031, 0), 127), ((38057031, 38046725, 0), 148), ((38046725, 38058901, 0), 162), ((38058901, 38078585, 0), 173), ((38078585, 38078589, 0), 182), ('GOAL', 38078589, 182)]
170	[((38126878, 37982611, 0), 0), ((37982611, 37982610, 0), 6), ((37982610, 37960220, 0), 10), ((37960220, 37982606, 0), 12), ((37982606, 37982597, 0), 21), ((37982597, 37982590, 0), 26), ((37982590, 37982587, 0), 29), ((37982587, 37982582, 0), 31), ((37982582, 37982569, 0), 36), ((37982569, 37982563, 0), 41), ((37982563, 37982560, 0), 46), ((37982560, 37982555, 0), 51), ((37982555, 37982544, 0), 57), ((37982544, 38058900, 0), 62), ((38058900, 38127679, 0), 74), ((38127679, 38107786, 0), 78), ('GOAL', 38107786, 78)]
171	[((37982597, 38038045, 0), 0), ((38038045, 38002419, 0), 5), ((38002419, 38035334, 0), 13), ((38035334, 38048952, 0), 23), ((38048952, 38096643, 0), 36), ((38096643, 38024757, 0), 52), ((38024757, 38057031, 0), 63), ((38057031, 38046725, 0), 85), ((38046725, 38058901, 0), 96), ((38058901, 38078585, 0), 107), ((38078585, 38078589, 0), 116), ('GOAL', 38078589, 116)]
172	[((38024769, 38135625, 0), 0), ((38135625, 38024769, 0), 1), ((38024769, 38024763, 0), 3), ((38024763, 38024757, 0), 7), ((38024757, 38057031, 0), 13), ((38057031, 38046725, 0), 20), ((38046725, 38058901, 0), 28), ((38058901, 38078585, 0), 38), ((38078585, 38078589, 0), 48), ('GOAL', 38078589, 48)]
173	[((37982606, 37982597, 0), 0), ((37982597, 37982590, 0), 4), ((37982590, 37982587, 0), 8), ((37982587, 37982582, 0), 10), ((37982582, 37982569, 0), 15), ((37982569, 37982563, 0), 20), ((37982563, 37982560, 0), 25), ((37982560, 37982555, 0), 31), ((37982555, 37982544, 0), 36), ((37982544, 38058900, 0), 42), ((38058900, 38127679, 0), 54), ((38127679, 38107786, 0), 58), ('GOAL', 38107786, 58)]
174	[((387669119, 38135625, 0), 0), ((38135625, 38024769, 0), 3), ((38024769, 38024763, 0), 5), ((38024763, 38024757, 0), 9), ((38024757, 38057031, 0), 17), ((38057031, 38046725, 0), 26), ((38046725, 38058901, 0), 34), ((38058901, 38078585, 0), 44), ((38078585, 38078589, 0), 54), ('GOAL', 38078589, 54)]
175	[((2366289499, 37974745, 0), 0), ((37974745, 38078585, 0), 10), ((38078585, 38078589, 0), 23), ('GOAL', 38078589, 23)]
176	[((38048877, 6563450917, 0), 0), ((6563450917, 38048877, 0), 5), ((38048877, 37985146, 0), 16), ((37985146, 2366289498, 0), 22), ((2366289498, 2366289499, 0), 30), ((2366289499, 37974745, 0), 38), ((37974745, 38078585, 0), 49), ((38078585, 38078589, 0), 62), ('GOAL', 38078589, 62)]
177	[((37985146, 6563450916, 0), 0), ((6563450916, 37985146, 0), 7), ((37985146, 2366289498, 0), 15), ((2366289498, 2366289499, 0), 23), ((2366289499, 37974745, 0), 31), ((37974745, 38078585, 0), 42), ((38078585, 38078589, 0), 55), ('GOAL', 38078589, 55)]
178	[((38038045, 38002419, 0), 0), ((38002419, 38035334, 0), 6), ((38035334, 38048952, 0), 13), ((38048952, 38096643, 0), 24), ((38096643, 38024757, 0), 33), ((38024757, 38057031, 0), 44), ((38057031, 38046725, 0), 65), ((38046725, 38058901, 0), 75), ((38058901, 38078585, 0), 85), ((38078585, 38078589, 0), 94), ('GOAL', 38078589, 94)]
179	[((37982560, 37982555, 0), 0), ((37982555, 37982544, 0), 5), ((37982544, 38058900, 0), 13), ((38058900, 38127679, 0), 25), ((38127679, 38107786, 0), 30), ('GOAL', 38107786, 30)]
180	[((38002419, 38002421, 0), 0), ((38002421, 38002419, 0), 4), ((38002419, 38035334, 0), 12), ((38035334, 38048952, 0), 19), ((38048952, 38096643, 0), 32), ((38096643, 38024757, 0), 45), ((38024757, 38057031, 0), 56), ((38057031, 38046725, 0), 78), ((38046725, 38058901, 0), 89), ((38058901, 38078585, 0), 99), ((38078585, 38078589, 0), 108), ('GOAL', 38078589, 108)]
181	[((38002421, 38002424, 0), 0), ((38002424, 38002421, 0), 10), ((38002421, 38002419, 0), 15), ((38002419, 38035334, 0), 23), ((38035334, 38048952, 0), 35), ((38048952, 38096643, 0), 50), ((38096643, 38024757, 0), 72), ((38024757, 38057031, 0), 85), ((38057031, 38046725, 0), 107), ((38046725, 38058901, 0), 119), ((38058901, 38078585, 0), 129), ((38078585, 38078589, 0), 139), ('GOAL', 38078589, 139)]
182	[((37982587, 37982582, 0), 0), ((37982582, 37982569, 0), 4), ((37982569, 37982563, 0), 10), ((37982563, 37982560, 0), 15), ((37982560, 37982555, 0), 21), ((37982555, 37982544, 0), 27), ((37982544, 38058900, 0), 32), ((38058900, 38127679, 0), 44), ((38127679, 38107786, 0), 49), ('GOAL', 38107786, 49)]
183	[((38035340, 38048956, 0), 0), ((38048956, 38048952, 0), 7), ((38048952, 38096643, 0), 16), ((38096643, 38024757, 0), 20), ((38024757, 38057031, 0), 29), ((38057031, 38046725, 0), 44), ((38046725, 38058901, 0), 53), ((38058901, 38078585, 0), 63), ((38078585, 38078589, 0), 73), ('GOAL', 38078589, 73)]
184	[((37982587, 37982582, 0), 0), ((37982582, 37982569, 0), 5), ((37982569, 37982563, 0), 11), ((37982563, 37982560, 0), 17), ((37982560, 37982555, 0), 22), ((37982555, 37982544, 0), 28), ((37982544, 38058900, 0), 33), ((38058900, 38127679, 0), 46), ((38127679, 38107786, 0), 50), ('GOAL', 38107786, 50)]
185	[((37982569, 38048952, 0), 0), ((38048952, 38096643, 0), 11), ((38096643, 38024757, 0), 15), ((38024757, 38057031, 0), 22), ((38057031, 38046725, 0), 36), ((38046725, 38058901, 0), 44), ((38058901, 38078585, 0), 55), ((38078585, 38078589, 0), 64), ('GOAL', 38078589, 64)]
186	[((38002421, 38002424, 0), 0), ((38002424, 38002421, 0), 11), ((38002421, 38002419, 0), 18), ((38002419, 38035334, 0), 26), ((38035334, 38048952, 0), 40), ((38048952, 38096643, 0), 56), ((38096643, 38024757, 0), 82), ((38024757, 38057031, 0), 95), ((38057031, 38046725, 0), 116), ((38046725, 38058901, 0), 129), ((38058901, 38078585, 0), 140), ((38078585, 38078589, 0), 149), ('GOAL', 38078589, 149)]
187	[((38078585, 37974745, 0), 0), ((37974745, 38078585, 0), 1), ((38078585, 38078589, 0), 15), ('GOAL', 38078589, 15)]
188	[((37982606, 37982597, 0), 0), ((37982597, 37982590, 0), 6), ((37982590, 37982587, 0), 9), ((37982587, 37982582, 0), 11), ((37982582, 37982569, 0), 16), ((37982569, 37982563, 0), 21), ((37982563, 37982560, 0), 26), ((37982560, 37982555, 0), 32), ((37982555, 37982544, 0), 38), ((37982544, 38058900, 0), 43), ((38058900, 38127679, 0), 55), ((38127679, 38107786, 0), 60), ('GOAL', 38107786, 60)]
189	[((38058901, 38058900, 0), 0), ((38058900, 38127679, 0), 14), ((38127679, 38107786, 0), 19), ('GOAL', 38107786, 19)]
190	[((38002424, 38005221, 0), 0), ((38005221, 38002424, 0), 5), ((38002424, 38002421, 0), 11), ((38002421, 38002419, 0), 17), ((38002419, 38035334, 0), 25), ((38035334, 38048952, 0), 38), ((38048952, 38096643, 0), 53), ((38096643, 38024757, 0), 77), ((38024757, 38057031, 0), 90), ((38057031, 38046725, 0), 112), ((38046725, 38058901, 0), 124), ((38058901, 38078585, 0), 135), ((38078585, 38078589, 0), 144), ('GOAL', 38078589, 144)]
191	[((37987901, 38009439, 0), 0), ((38009439, 37987901, 0), 1), ((37987901, 38127601, 0), 4), ((38127601, 38005219, 0), 8), ((38005219, 38014590, 0), 11), ((38014590, 38063509, 0), 16), ((38063509, 38039366, 0), 21), ((38039366, 38048961, 0), 27), ((38048961, 38048956, 0), 42), ((38048956, 38048952, 0), 51), ((38048952, 38096643, 0), 65), ((38096643, 38024757, 0), 94), ((38024757, 38057031, 0), 108), ((38057031, 38046725, 0), 130), ((38046725, 38058901, 0), 143), ((38058901, 38078585, 0), 154), ((38078585, 38078589, 0), 163), ('GOAL', 38078589, 163)]
192	[((37982597, 38038045, 0), 0), ((38038045, 38002419, 0), 6), ((38002419, 38035334, 0), 16), ((38035334, 38048952, 0), 27), ((38048952, 38096643, 0), 41), ((38096643, 38024757, 0), 59), ((38024757, 38057031, 0), 71), ((38057031, 38046725, 0), 92), ((38046725, 38058901, 0), 104), ((38058901, 38078585, 0), 114), ((38078585, 38078589, 0), 124), ('GOAL', 38078589, 124)]
193	[((38035340, 38002421, 0), 0), ((38002421, 38002419, 0), 6), ((38002419, 38035334, 0), 16), ((38035334, 38048952, 0), 26), ((38048952, 38096643, 0), 39), ((38096643, 38024757, 0), 56), ((38024757, 38057031, 0), 68), ((38057031, 38046725, 0), 90), ((38046725, 38058901, 0), 101), ((38058901, 38078585, 0), 112), ((38078585, 38078589, 0), 121), ('GOAL', 38078589, 121)]
194	[((38002424, 38002421, 0), 0), ((38002421, 38002419, 0), 9), ((38002419, 38035334, 0), 18), ((38035334, 38048952, 0), 30), ((38048952, 38096643, 0), 44), ((38096643, 38024757, 0), 63), ((38024757, 38057031, 0), 76), ((38057031, 38046725, 0), 97), ((38046725, 38058901, 0), 109), ((38058901, 38078585, 0), 119), ((38078585, 38078589, 0), 129), ('GOAL', 38078589, 129)]
195	[((6563450918, 38024763, 0), 0), ((38024763, 38024757, 0), 2), ((38024757, 38057031, 0), 9), ((38057031, 38046725, 0), 17), ((38046725, 38058901, 0), 24), ((38058901, 38078585, 0), 34), ((38078585, 38078589, 0), 44), ('GOAL', 38078589, 44)]
196	[((38035334, 38048952, 0), 0), ((38048952, 38096643, 0), 9), ((38096643, 38024757, 0), 13), ((38024757, 38057031, 0), 18), ((38057031, 38046725, 0), 30), ((38046725, 38058901, 0), 38), ((38058901, 38078585, 0), 48), ((38078585, 38078589, 0), 58), ('GOAL', 38078589, 58)]
197	[((6563450918, 38024763, 0), 0), ((38024763, 38024757, 0), 4), ((38024757, 38057031, 0), 10), ((38057031, 38046725, 0), 18), ((38046725, 38058901, 0), 25), ((38058901, 38078585, 0), 36), ((38078585, 38078589, 0), 45), ('GOAL', 38078589, 45)]
198	[((38002419, 37982587, 0), 0), ((37982587, 37982582, 0), 4), ((37982582, 37982569, 0), 9), ((37982569, 37982563, 0), 15), ((37982563, 37982560, 0), 20), ((37982560, 37982555, 0), 26), ((37982555, 37982544, 0), 32), ((37982544, 38058900, 0), 37), ((38058900, 38127679, 0), 50), ((38127679, 38107786, 0), 54), ('GOAL', 38107786, 54)]
199	[((37975542, 38063505, 0), 0), ((38063505, 38063509, 0), 5), ((38063509, 38039366, 0), 13), ((38039366, 38048961, 0), 17), ((38048961, 38048956, 0), 32), ((38048956, 38048952, 0), 41), ((38048952, 38096643, 0), 53), ((38096643, 38024757, 0), 76), ((38024757, 38057031, 0), 89), ((38057031, 38046725, 0), 110), ((38046725, 38058901, 0), 123), ((38058901, 38078585, 0), 133), ((38078585, 38078589, 0), 143), ('GOAL', 38078589, 143)]
