0	[((38096643, 38024757, 0), 0), ((38024757, 38057031, 0), 2), ((38057031, 38046725, 0), 10), ((38046725, 38058901, 0), 18), ((38058901, 38078585, 0), 28), ((38078585, 38078589, 0), 37), ('GOAL', 38078589, 37), ('GOAL', 38078589, None), ('GOAL', 38078589, None)]
1	[((1557362915, 37982991, 0), 0), ((37982991, 38062559, 0), 3), ((38062559, 38062557, 0), 9), ((38062557, 38126875, 0), 22), ((38126875, 38123182, 0), 34), ((38123182, 38038045, 0), 40), ((38038045, 38002419, 0), 49), ((38002419, 37982587, 0), 57), ((37982587, 37982582, 0), 64), ((37982582, 37982569, 0), 69), ((37982569, 37982563, 0), 76), ((37982563, 37982560, 0), 82), ((37982560, 37982555, 0), 93), ((37982555, 37982544, 0), 99), ((37982544, 38058900, 0), 114), ((38058900, 38127679, 0), 126), ((38127679, 38107786, 0), 131), ('GOAL', 38107786, 131)]
2	[((38128507, 37982977, 0), 0), ((37982977, 38009439, 0), 3), ((38009439, 37987901, 0), 6), ((37987901, 38127601, 0), 9), ((38127601, 38005219, 0), 12), ((38005219, 38014590, 0), 16), ((38014590, 38063509, 0), 21), ((38063509, 38039366, 0), 25), ((38039366, 38048961, 0), 33), ((38048961, 38048956, 0), 47), ((38048956, 38048952, 0), 56), ((38048952, 38096643, 0), 61), ((38096643, 37982563, 0), 65), ((37982563, 37982560, 0), 72), ((37982560, 37982555, 0), 78), ((37982555, 37982544, 0), 84), ((37982544, 38058900, 0), 96), ((38058900, 38127679, 0), 109), ((38127679, 38107786, 0), 113), ('GOAL', 38107786, 113)]
3	[((38002421, 38035340, 0), 0), ((38035340, 38048956, 0), 5), ((38048956, 38048952, 0), 10), ((38048952, 38096643, 0), 20), ((38096643, 38024757, 0), 24), ((38024757, 38057031, 0), 33), ((38057031, 38046725, 0), 50), ((38046725, 38058901, 0), 59), ((38058901, 38078585, 0), 70), ((38078585, 38078589, 0), 79), ('GOAL', 38078589, 79), ('GOAL', 38078589, None)]
4	[((38062559, 38062557, 0), 0), ((38062557, 38126875, 0), 4), ((38126875, 38123182, 0), 17), ((38123182, 38038045, 0), 23), ((38038045, 38002419, 0), 32), ((38002419, 37982587, 0), 40), ((37982587, 37982582, 0), 53), ((37982582, 37982569, 0), 62), ((37982569, 37982563, 0), 72), ((37982563, 37982560, 0), 79), ((37982560, 37982555, 0), 90), ((37982555, 37982544, 0), 96), ((37982544, 38058900, 0), 110), ((38058900, 38127679, 0), 122), ((38127679, 38107786, 0), 127), ('GOAL', 38107786, 127)]
5	[((38062557, 38062559, 0), 0), ((38062559, 38062557, 0), 9), ((38062557, 38126875, 0), 20), ((38126875, 38123182, 0), 33), ((38123182, 38038045, 0), 39), ((38038045, 38002419, 0), 47), ((38002419, 37982587, 0), 56), ((37982587, 37982582, 0), 63), ((37982582, 37982569, 0), 68), ((37982569, 37982563, 0), 74), ((37982563, 37982560, 0), 81), ((37982560, 37982555, 0), 92), ((37982555, 37982544, 0), 98), ((37982544, 38058900, 0), 112), ((38058900, 38127679, 0), 125), ((38127679, 38107786, 0), 129), ('GOAL', 38107786, 129)]
6	[((38123182, 38126875, 0), 0), ((38126875, 38123182, 0), 3), ((38123182, 38038045, 0), 9), ((38038045, 38002419, 0), 18), ((38002419, 37982587, 0), 26), ((37982587, 37982582, 0), 40), ((37982582, 37982569, 0), 49), ((37982569, 37982563, 0), 59), ((37982563, 37982560, 0), 64), ((37982560, 37982555, 0), 70), ((37982555, 37982544, 0), 76), ((37982544, 38058900, 0), 87), ((38058900, 38127679, 0), 99), ((38127679, 38107786, 0), 104), ('GOAL', 38107786, 104), ('GOAL', 38107786, None)]
7	[((37982991, 1557362915, 0), 0), ((1557362915, 37982991, 0), 4), ((37982991, 38062559, 0), 8), ((38062559, 38062557, 0), 15), ((38062557, 38126875, 0), 29), ((38126875, 38123182, 0), 42), ((38123182, 38038045, 0), 47), ((38038045, 38002419, 0), 57), ((38002419, 37982587, 0), 65), ((37982587, 37982582, 0), 72), ((37982582, 37982569, 0), 78), ((37982569, 37982563, 0), 83), ((37982563, 37982560, 0), 89), ((37982560, 37982555, 0), 100), ((37982555, 37982544, 0), 106), ((37982544, 38058900, 0), 122), ((38058900, 38127679, 0), 134), ((38127679, 38107786, 0), 139), ('GOAL', 38107786, 139)]
8	[((38063505, 38039364, 0), 0), ((38039364, 38077723, 0), 4), ((38077723, 38083061, 0), 10), ((38083061, 387669119, 0), 17), ((387669119, 38135625, 0), 27), ((38135625, 38024769, 0), 30), ((38024769, 38024763, 0), 32), ((38024763, 38024757, 0), 36), ((38024757, 38057031, 0), 42), ((38057031, 38046725, 0), 64), ((38046725, 38058901, 0), 73), ((38058901, 38078585, 0), 84), ((38078585, 38078589, 0), 93), ('GOAL', 38078589, 93), ('GOAL', 38078589, None)]
9	[((38014590, 38063509, 0), 0), ((38063509, 38039366, 0), 1), ((38039366, 38048961, 0), 5), ((38048961, 38048956, 0), 19), ((38048956, 38048952, 0), 28), ((38048952, 38096643, 0), 33), ((38096643, 38024757, 0), 38), ((38024757, 38057031, 0), 49), ((38057031, 38046725, 0), 71), ((38046725, 38058901, 0), 81), ((38058901, 38078585, 0), 91), ((38078585, 38078589, 0), 101), ('GOAL', 38078589, 101), ('GOAL', 38078589, None)]
10	[((38126875, 38123182, 0), 0), ((38123182, 38038045, 0), 5), ((38038045, 38002419, 0), 15), ((38002419, 37982587, 0), 23), ((37982587, 37982582, 0), 36), ((37982582, 37982569, 0), 45), ((37982569, 37982563, 0), 54), ((37982563, 37982560, 0), 60), ((37982560, 37982555, 0), 65), ((37982555, 37982544, 0), 71), ((37982544, 38058900, 0), 82), ((38058900, 38127679, 0), 94), ((38127679, 38107786, 0), 99), ('GOAL', 38107786, 99), ('GOAL', 38107786, None)]
11	[((37982092, 38126878, 0), 0), ((38126878, 38126875, 0), 2), ((38126875, 38123182, 0), 7), ((38123182, 38038045, 0), 12), ((38038045, 38002419, 0), 23), ((38002419, 37982587, 0), 32), ((37982587, 37982582, 0), 47), ((37982582, 37982569, 0), 56), ((37982569, 37982563, 0), 66), ((37982563, 37982560, 0), 72), ((37982560, 37982555, 0), 77), ((37982555, 37982544, 0), 83), ((37982544, 38058900, 0), 95), ((38058900, 38127679, 0), 107), ((38127679, 38107786, 0), 112), ('GOAL', 38107786, 112)]
12	[((37974745, 38078585, 0), 0), ((38078585, 38078589, 0), 6), ('GOAL', 38078589, 6), ('GOAL', 38078589, None), ('GOAL', 38078589, None)]
13	[((37982606, 38123182, 0), 0), ((38123182, 38038045, 0), 12), ((38038045, 38002419, 0), 21), ((38002419, 37982587, 0), 31), ((37982587, 37982582, 0), 46), ((37982582, 37982569, 0), 55), ((37982569, 37982563, 0), 65), ((37982563, 37982560, 0), 70), ((37982560, 37982555, 0), 76), ((37982555, 37982544, 0), 82), ((37982544, 38058900, 0), 94), ((38058900, 38127679, 0), 106), ((38127679, 38107786, 0), 111), ('GOAL', 38107786, 111)]
14	[((37982610, 38126875, 0), 0), ((38126875, 38123182, 0), 2), ((38123182, 38038045, 0), 7), ((38038045, 38002419, 0), 16), ((38002419, 37982587, 0), 25), ((37982587, 37982582, 0), 38), ((37982582, 37982569, 0), 47), ((37982569, 37982563, 0), 57), ((37982563, 37982560, 0), 62), ((37982560, 37982555, 0), 68), ((37982555, 37982544, 0), 73), ((37982544, 38058900, 0), 84), ((38058900, 38127679, 0), 97), ((38127679, 38107786, 0), 101), ('GOAL', 38107786, 101), ('GOAL', 38107786, None)]
15	[((1557362915, 37982991, 0), 0), ((37982991, 38062559, 0), 4), ((38062559, 38062557, 0), 11), ((38062557, 38126875, 0), 23), ((38126875, 38123182, 0), 35), ((38123182, 38038045, 0), 41), ((38038045, 38002419, 0), 50), ((38002419, 37982587, 0), 58), ((37982587, 37982582, 0), 65), ((37982582, 37982569, 0), 71), ((37982569, 37982563, 0), 77), ((37982563, 37982560, 0), 83), ((37982560, 37982555, 0), 95), ((37982555, 37982544, 0), 100), ((37982544, 38058900, 0), 115), ((38058900, 38127679, 0), 127), ((38127679, 38107786, 0), 132), ('GOAL', 38107786, 132)]
16	[((38123182, 38126875, 0), 0), ((38126875, 38123182, 0), 5), ((38123182, 38038045, 0), 10), ((38038045, 38002419, 0), 19), ((38002419, 37982587, 0), 28), ((37982587, 37982582, 0), 42), ((37982582, 37982569, 0), 52), ((37982569, 37982563, 0), 61), ((37982563, 37982560, 0), 67), ((37982560, 37982555, 0), 72), ((37982555, 37982544, 0), 78), ((37982544, 38058900, 0), 90), ((38058900, 38127679, 0), 102), ((38127679, 38107786, 0), 107), ('GOAL', 38107786, 107), ('GOAL', 38107786, None)]
17	[((38062559, 38027658, 0), 0)]
18	[((37982555, 38057031, 0), 0), ((38057031, 38046725, 0), 3), ((38046725, 38058901, 0), 10), ((38058901, 38078585, 0), 20), ((38078585, 38078589, 0), 30), ('GOAL', 38078589, 30), ('GOAL', 38078589, None), ('GOAL', 38078589, None)]
19	[((37982974, 37982977, 0), 0), ((37982977, 38009439, 0), 2), ((38009439, 37987901, 0), 5), ((37987901, 38127601, 0), 8), ((38127601, 38005219, 0), 11), ((38005219, 38014590, 0), 15), ((38014590, 38063509, 0), 20), ((38063509, 38039366, 0), 24), ((38039366, 38048961, 0), 31), ((38048961, 38048956, 0), 46), ((38048956, 38048952, 0), 55), ((38048952, 38096643, 0), 60), ((38096643, 38024757, 0), 64), ((38024757, 38057031, 0), 72), ((38057031, 38046725, 0), 94), ((38046725, 38058901, 0), 105), ((38058901, 38078585, 0), 115), ((38078585, 38078589, 0), 125), ('GOAL', 38078589, 125)]
20	[((387669119, 38048961, 0), 0), ((38048961, 38048956, 0), 4), ((38048956, 38048952, 0), 14), ((38048952, 38096643, 0), 26), ((38096643, 38024757, 0), 30), ((38024757, 38057031, 0), 40), ((38057031, 38046725, 0), 60), ((38046725, 38058901, 0), 70), ((38058901, 38078585, 0), 80), ((38078585, 38078589, 0), 89), ('GOAL', 38078589, 89), ('GOAL', 38078589, None)]
21	[((37960220, 37982606, 0), 0), ((37982606, 37982597, 0), 4), ((37982597, 37982590, 0), 9), ((37982590, 37982587, 0), 12), ((37982587, 37982582, 0), 14), ((37982582, 37982569, 0), 21), ((37982569, 37982563, 0), 29), ((37982563, 37982560, 0), 35), ((37982560, 37982555, 0), 40), ((37982555, 37982544, 0), 46), ((37982544, 38058900, 0), 54), ((38058900, 38127679, 0), 66), ((38127679, 38107786, 0), 70), ('GOAL', 38107786, 70), ('GOAL', 38107786, None)]
22	[((387669119, 38048961, 0), 0), ((38048961, 38048956, 0), 5), ((38048956, 38048952, 0), 16), ((38048952, 38096643, 0), 28), ((38096643, 38024757, 0), 32), ((38024757, 38057031, 0), 42), ((38057031, 38046725, 0), 62), ((38046725, 38058901, 0), 72), ((38058901, 38078585, 0), 82), ((38078585, 38078589, 0), 92), ('GOAL', 38078589, 92), ('GOAL', 38078589, None)]
23	[((38002421, 38002419, 0), 0), ((38002419, 37982587, 0), 3), ((37982587, 37982582, 0), 10), ((37982582, 37982569, 0), 17), ((37982569, 37982563, 0), 26), ((37982563, 37982560, 0), 31), ((37982560, 37982555, 0), 37), ((37982555, 37982544, 0), 42), ((37982544, 38058900, 0), 50), ((38058900, 38127679, 0), 62), ((38127679, 38107786, 0), 66), ('GOAL', 38107786, 66), ('GOAL', 38107786, None)]
24	[((38077723, 38083061, 0), 0), ((38083061, 387669119, 0), 2), ((387669119, 38135625, 0), 13), ((38135625, 38024769, 0), 16), ((38024769, 38024763, 0), 18), ((38024763, 38024757, 0), 22), ((38024757, 38057031, 0), 30), ((38057031, 38046725, 0), 46), ((38046725, 38058901, 0), 54), ((38058901, 38078585, 0), 65), ((38078585, 38078589, 0), 74), ('GOAL', 38078589, 74), ('GOAL', 38078589, None)]
25	[((37985146, 38048877, 0), 0), ((38048877, 37985146, 0), 6), ((37985146, 2366289498, 0), 12), ((2366289498, 2366289499, 0), 19), ((2366289499, 37974745, 0), 27), ((37974745, 38078585, 0), 39), ((38078585, 38078589, 0), 51), ('GOAL', 38078589, 51), ('GOAL', 38078589, None), ('GOAL', 38078589, None)]
26	[((38002421, 38035340, 0), 0), ((38035340, 38048956, 0), 6), ((38048956, 38048952, 0), 11), ((38048952, 38096643, 0), 22), ((38096643, 38024757, 0), 26), ((38024757, 38057031, 0), 36), ((38057031, 38046725, 0), 55), ((38046725, 38058901, 0), 65), ((38058901, 38078585, 0), 75), ((38078585, 38078589, 0), 84), ('GOAL', 38078589, 84), ('GOAL', 38078589, None)]
27	[((38024757, 38057031, 0), 0), ((38057031, 38046725, 0), 7), ((38046725, 38058901, 0), 14), ((38058901, 38078585, 0), 24), ((38078585, 38078589, 0), 34), ('GOAL', 38078589, 34), ('GOAL', 38078589, None), ('GOAL', 38078589, None)]
28	[((38002424, 38002421, 0), 0), ((38002421, 38002419, 0), 2), ((38002419, 37982587, 0), 9), ((37982587, 37982582, 0), 18), ((37982582, 37982569, 0), 24), ((37982569, 37982563, 0), 33), ((37982563, 37982560, 0), 38), ((37982560, 37982555, 0), 44), ((37982555, 37982544, 0), 49), ((37982544, 38058900, 0), 58), ((38058900, 38127679, 0), 70), ((38127679, 38107786, 0), 74), ('GOAL', 38107786, 74), ('GOAL', 38107786, None)]
29	[((37974742, 37974745, 0), 0), ((37974745, 38078585, 0), 1), ((38078585, 38078589, 0), 14), ('GOAL', 38078589, 14), ('GOAL', 38078589, None), ('GOAL', 38078589, None)]
30	[((37974742, 38058901, 0), 0), ((38058901, 38078585, 0), 6), ((38078585, 38078589, 0), 16), ('GOAL', 38078589, 16), ('GOAL', 38078589, None), ('GOAL', 38078589, None)]
31	[((38126878, 37982611, 0), 0), ((37982611, 37982610, 0), 4), ((37982610, 37960220, 0), 9), ((37960220, 37982606, 0), 11), ((37982606, 37982597, 0), 19), ((37982597, 37982590, 0), 23), ((37982590, 37982587, 0), 27), ((37982587, 37982582, 0), 30), ((37982582, 37982569, 0), 37), ((37982569, 37982563, 0), 46), ((37982563, 37982560, 0), 51), ((37982560, 37982555, 0), 57), ((37982555, 37982544, 0), 63), ((37982544, 38058900, 0), 72), ((38058900, 38127679, 0), 85), ((38127679, 38107786, 0), 89), ('GOAL', 38107786, 89), ('GOAL', 38107786, None)]
32	[((38024763, 38024769, 0), 0), ((38024769, 38024763, 0), 6), ((38024763, 38024757, 0), 10), ((38024757, 38057031, 0), 18), ((38057031, 38046725, 0), 29), ((38046725, 38058901, 0), 37), ((38058901, 38078585, 0), 47), ((38078585, 38078589, 0), 56), ('GOAL', 38078589, 56), ('GOAL', 38078589, None), ('GOAL', 38078589, None)]
33	[((38048956, 38048952, 0), 0), ((38048952, 38096643, 0), 3), ((38096643, 38024757, 0), 6), ((38024757, 38057031, 0), 11), ((38057031, 38046725, 0), 19), ((38046725, 38058901, 0), 26), ((38058901, 38078585, 0), 37), ((38078585, 38078589, 0), 46), ('GOAL', 38078589, 46), ('GOAL', 38078589, None), ('GOAL', 38078589, None)]
34	[((38038045, 37982597, 0), 0), ((37982597, 37982590, 0), 3), ((37982590, 37982587, 0), 5), ((37982587, 37982582, 0), 7), ((37982582, 37982569, 0), 13), ((37982569, 37982563, 0), 21), ((37982563, 37982560, 0), 26), ((37982560, 37982555, 0), 32), ((37982555, 37982544, 0), 38), ((37982544, 38058900, 0), 44), ((38058900, 38127679, 0), 56), ((38127679, 38107786, 0), 61), ('GOAL', 38107786, 61), ('GOAL', 38107786, None), ('GOAL', 38107786, None)]
35	[((37982590, 37982587, 0), 0), ((37982587, 37982582, 0), 2), ((37982582, 37982569, 0), 7), ((37982569, 37982563, 0), 14), ((37982563, 37982560, 0), 19), ((37982560, 37982555, 0), 25), ((37982555, 37982544, 0), 30), ((37982544, 38058900, 0), 36), ((38058900, 38127679, 0), 48), ((38127679, 38107786, 0), 53), ('GOAL', 38107786, 53), ('GOAL', 38107786, None), ('GOAL', 38107786, None)]
36	[((38048952, 38048956, 0), 0), ((38048956, 38048952, 0), 6), ((38048952, 38096643, 0), 15), ((38096643, 38024757, 0), 18), ((38024757, 38057031, 0), 26), ((38057031, 38046725, 0), 41), ((38046725, 38058901, 0), 49), ((38058901, 38078585, 0), 60), ((38078585, 38078589, 0), 69), ('GOAL', 38078589, 69), ('GOAL', 38078589, None)]
37	[((37982544, 37982555, 0), 0), ((37982555, 37982544, 0), 4), ((37982544, 38058900, 0), 10), ((38058900, 38127679, 0), 22), ((38127679, 38107786, 0), 27), ('GOAL', 38107786, 27), ('GOAL', 38107786, None), ('GOAL', 38107786, None)]
38	[((38035334, 38002419, 0), 0), ((38002419, 37982587, 0), 2), ((37982587, 37982582, 0), 9), ((37982582, 37982569, 0), 15), ((37982569, 37982563, 0), 23), ((37982563, 37982560, 0), 29), ((37982560, 37982555, 0), 34), ((37982555, 37982544, 0), 40), ((37982544, 38058900, 0), 47), ((38058900, 38127679, 0), 59), ((38127679, 38107786, 0), 64), ('GOAL', 38107786, 64), ('GOAL', 38107786, None), ('GOAL', 38107786, None)]
39	[((38057031, 37982555, 0), 0), ((37982555, 37982544, 0), 4), ((37982544, 38058900, 0), 9), ((38058900, 38127679, 0), 20), ((38127679, 38107786, 0), 24), ('GOAL', 38107786, 24), ('GOAL', 38107786, None), ('GOAL', 38107786, None)]
40	[((37982569, 37982582, 0), 0), ((37982582, 37982569, 0), 3), ((37982569, 37982563, 0), 9), ((37982563, 37982560, 0), 14), ((37982560, 37982555, 0), 20), ((37982555, 37982544, 0), 26), ((37982544, 38058900, 0), 31), ((38058900, 38127679, 0), 43), ((38127679, 38107786, 0), 48), ('GOAL', 38107786, 48), ('GOAL', 38107786, None), ('GOAL', 38107786, None)]
41	[((38002424, 38002421, 0), 0), ((38002421, 38002419, 0), 4), ((38002419, 37982587, 0), 13), ((37982587, 37982582, 0), 22), ((37982582, 37982569, 0), 29), ((37982569, 37982563, 0), 38), ((37982563, 37982560, 0), 43), ((37982560, 37982555, 0), 49), ((37982555, 37982544, 0), 54), ((37982544, 38058900, 0), 63), ((38058900, 38127679, 0), 75), ((38127679, 38107786, 0), 80), ('GOAL', 38107786, 80), ('GOAL', 38107786, None)]
42	[((37985146, 2366289498, 0), 0), ((2366289498, 2366289499, 0), 3), ((2366289499, 37974745, 0), 11), ((37974745, 38078585, 0), 23), ((38078585, 38078589, 0), 35), ('GOAL', 38078589, 35), ('GOAL', 38078589, None), ('GOAL', 38078589, None)]
43	[((38058900, 38058901, 0), 0), ((38058901, 38078585, 0), 13), ((38078585, 38078589, 0), 24), ('GOAL', 38078589, 24), ('GOAL', 38078589, None), ('GOAL', 38078589, None)]
44	[((38002419, 37982587, 0), 0), ((37982587, 37982582, 0), 1), ((37982582, 37982569, 0), 6), ((37982569, 37982563, 0), 12), ((37982563, 37982560, 0), 18), ((37982560, 37982555, 0), 24), ((37982555, 37982544, 0), 29), ((37982544, 38058900, 0), 35), ((38058900, 38127679, 0), 47), ((38127679, 38107786, 0), 52), ('GOAL', 38107786, 52), ('GOAL', 38107786, None), ('GOAL', 38107786, None)]
45	[((38062559, 38027658, 0), 0)]
46	[((38039364, 38077723, 0), 0), ((38077723, 38083061, 0), 3), ((38083061, 387669119, 0), 10), ((387669119, 38135625, 0), 20), ((38135625, 38024769, 0), 23), ((38024769, 38024763, 0), 25), ((38024763, 38024757, 0), 29), ((38024757, 38057031, 0), 37), ((38057031, 38046725, 0), 56), ((38046725, 38058901, 0), 66), ((38058901, 38078585, 0), 76), ((38078585, 38078589, 0), 86), ('GOAL', 38078589, 86), ('GOAL', 38078589, None)]
47	[((37982611, 38126878, 0), 0), ((38126878, 38126875, 0), 7), ((38126875, 38123182, 0), 12), ((38123182, 38038045, 0), 17), ((38038045, 38002419, 0), 26), ((38002419, 37982587, 0), 35), ((37982587, 37982582, 0), 51), ((37982582, 37982569, 0), 60), ((37982569, 37982563, 0), 70), ((37982563, 37982560, 0), 76), ((37982560, 37982555, 0), 84), ((37982555, 37982544, 0), 90), ((37982544, 38058900, 0), 103), ((38058900, 38127679, 0), 115), ((38127679, 38107786, 0), 120), ('GOAL', 38107786, 120)]
48	[((387669119, 38048961, 0), 0), ((38048961, 38048956, 0), 6), ((38048956, 38048952, 0), 17), ((38048952, 38096643, 0), 29), ((38096643, 38024757, 0), 33), ((38024757, 38057031, 0), 44), ((38057031, 38046725, 0), 65), ((38046725, 38058901, 0), 75), ((38058901, 38078585, 0), 85), ((38078585, 38078589, 0), 94), ('GOAL', 38078589, 94), ('GOAL', 38078589, None)]
49	[((38002419, 38035334, 0), 0), ((38035334, 37982582, 0), 3), ((37982582, 37982569, 0), 10), ((37982569, 37982563, 0), 17), ((37982563, 37982560, 0), 23), ((37982560, 37982555, 0), 28), ((37982555, 37982544, 0), 34), ((37982544, 38058900, 0), 40), ((38058900, 38127679, 0), 52), ((38127679, 38107786, 0), 57), ('GOAL', 38107786, 57), ('GOAL', 38107786, None), ('GOAL', 38107786, None)]
50	[((38005219, 38127601, 0), 0), ((38127601, 38005219, 0), 1), ((38005219, 38014590, 0), 4), ((38014590, 38063509, 0), 9), ((38063509, 38039366, 0), 14), ((38039366, 38048961, 0), 19), ((38048961, 38048956, 0), 34), ((38048956, 38048952, 0), 43), ((38048952, 38096643, 0), 48), ((38096643, 38024757, 0), 52), ((38024757, 38057031, 0), 61), ((38057031, 38046725, 0), 83), ((38046725, 38058901, 0), 94), ((38058901, 38078585, 0), 104), ((38078585, 38078589, 0), 114), ('GOAL', 38078589, 114)]
51	[((38035348, 38048961, 0), 0), ((38048961, 38048956, 0), 2), ((38048956, 38048952, 0), 13), ((38048952, 38096643, 0), 24), ((38096643, 38024757, 0), 29), ((38024757, 38057031, 0), 38), ((38057031, 38046725, 0), 59), ((38046725, 38058901, 0), 68), ((38058901, 38078585, 0), 79), ((38078585, 38078589, 0), 88), ('GOAL', 38078589, 88), ('GOAL', 38078589, None)]
52	[((38024769, 38024763, 0), 0), ((38024763, 38024757, 0), 2), ((38024757, 38057031, 0), 8), ((38057031, 38046725, 0), 16), ((38046725, 38058901, 0), 23), ((38058901, 38078585, 0), 33), ((38078585, 38078589, 0), 42), ('GOAL', 38078589, 42), ('GOAL', 38078589, None), ('GOAL', 38078589, None)]
53	[((38005219, 38127601, 0), 0), ((38127601, 38005219, 0), 2), ((38005219, 38014590, 0), 6), ((38014590, 38063509, 0), 11), ((38063509, 38039366, 0), 15), ((38039366, 38048961, 0), 21), ((38048961, 38048956, 0), 36), ((38048956, 38048952, 0), 45), ((38048952, 38096643, 0), 50), ((38096643, 38024757, 0), 53), ((38024757, 38057031, 0), 62), ((38057031, 38046725, 0), 84), ((38046725, 38058901, 0), 95), ((38058901, 38078585, 0), 105), ((38078585, 38078589, 0), 115), ('GOAL', 38078589, 115)]
54	[((38048952, 37982569, 0), 0), ((37982569, 37982563, 0), 3), ((37982563, 37982560, 0), 8), ((37982560, 37982555, 0), 14), ((37982555, 37982544, 0), 20), ((37982544, 38058900, 0), 25), ((38058900, 38127679, 0), 38), ((38127679, 38107786, 0), 42), ('GOAL', 38107786, 42), ('GOAL', 38107786, None), ('GOAL', 38107786, None)]
55	[((37974742, 37974745, 0), 0), ((37974745, 38078585, 0), 5), ((38078585, 38078589, 0), 17), ('GOAL', 38078589, 17), ('GOAL', 38078589, None), ('GOAL', 38078589, None)]
56	[((37975542, 38063505, 0), 0), ((38063505, 38063509, 0), 2), ((38063509, 38039366, 0), 7), ((38039366, 38048961, 0), 11), ((38048961, 38048956, 0), 25), ((38048956, 38048952, 0), 34), ((38048952, 38096643, 0), 39), ((38096643, 38024757, 0), 43), ((38024757, 38057031, 0), 53), ((38057031, 38046725, 0), 74), ((38046725, 38058901, 0), 85), ((38058901, 38078585, 0), 95), ((38078585, 38078589, 0), 105), ('GOAL', 38078589, 105), ('GOAL', 38078589, None)]
57	[((38127601, 38077748, 0), 0), ((38077748, 38005217, 0), 1), ((38005217, 38014586, 0), 5), ((38014586, 38063505, 0), 12), ((38063505, 38063509, 0), 15), ((38063509, 38039366, 0), 21), ((38039366, 38048961, 0), 29), ((38048961, 38048956, 0), 44), ((38048956, 38048952, 0), 53), ((38048952, 38096643, 0), 58), ((38096643, 38024757, 0), 61), ((38024757, 38057031, 0), 70), ((38057031, 38046725, 0), 91), ((38046725, 38058901, 0), 103), ((38058901, 38078585, 0), 113), ((38078585, 38078589, 0), 122), ('GOAL', 38078589, 122)]
58	[((37982582, 38035334, 0), 0), ((38035334, 37982582, 0), 2), ((37982582, 37982569, 0), 9), ((37982569, 37982563, 0), 15), ((37982563, 37982560, 0), 20), ((37982560, 37982555, 0), 26), ((37982555, 37982544, 0), 32), ((37982544, 38058900, 0), 37), ((38058900, 38127679, 0), 50), ((38127679, 38107786, 0), 54), ('GOAL', 38107786, 54), ('GOAL', 38107786, None), ('GOAL', 38107786, None)]
59	[((37982555, 38057031, 0), 0), ((38057031, 38046725, 0), 4), ((38046725, 38058901, 0), 11), ((38058901, 38078585, 0), 22), ((38078585, 38078589, 0), 31), ('GOAL', 38078589, 31), ('GOAL', 38078589, None), ('GOAL', 38078589, None)]
60	[((38048952, 38048956, 0), 0), ((38048956, 38048952, 0), 9), ((38048952, 38096643, 0), 17), ((38096643, 38024757, 0), 20), ((38024757, 38057031, 0), 29), ((38057031, 38046725, 0), 44), ((38046725, 38058901, 0), 53), ((38058901, 38078585, 0), 63), ((38078585, 38078589, 0), 73), ('GOAL', 38078589, 73), ('GOAL', 38078589, None)]
61	[((37974742, 38058901, 0), 0), ((38058901, 38078585, 0), 11), ((38078585, 38078589, 0), 21), ('GOAL', 38078589, 21), ('GOAL', 38078589, None), ('GOAL', 38078589, None)]
62	[((38005221, 38002424, 0), 0), ((38002424, 38002421, 0), 4), ((38002421, 38002419, 0), 11), ((38002419, 37982587, 0), 20), ((37982587, 37982582, 0), 32), ((37982582, 37982569, 0), 41), ((37982569, 37982563, 0), 51), ((37982563, 37982560, 0), 56), ((37982560, 37982555, 0), 62), ((37982555, 37982544, 0), 67), ((37982544, 38058900, 0), 78), ((38058900, 38127679, 0), 90), ((38127679, 38107786, 0), 94), ('GOAL', 38107786, 94), ('GOAL', 38107786, None)]
63	[((38009439, 37987901, 0), 0), ((37987901, 38127601, 0), 1), ((38127601, 38005219, 0), 4), ((38005219, 38014590, 0), 8), ((38014590, 38063509, 0), 13), ((38063509, 38039366, 0), 18), ((38039366, 38048961, 0), 25), ((38048961, 38048956, 0), 40), ((38048956, 38048952, 0), 49), ((38048952, 38096643, 0), 54), ((38096643, 38024757, 0), 57), ((38024757, 38057031, 0), 66), ((38057031, 38046725, 0), 88), ((38046725, 38058901, 0), 99), ((38058901, 38078585, 0), 109), ((38078585, 38078589, 0), 119), ('GOAL', 38078589, 119)]
64	[((38035334, 38048952, 0), 0), ((38048952, 38096643, 0), 8), ((38096643, 38024757, 0), 12), ((38024757, 38057031, 0), 17), ((38057031, 38046725, 0), 28), ((38046725, 38058901, 0), 35), ((38058901, 38078585, 0), 46), ((38078585, 38078589, 0), 55), ('GOAL', 38078589, 55), ('GOAL', 38078589, None), ('GOAL', 38078589, None)]
65	[((2366289498, 2366289499, 0), 0), ((2366289499, 37974745, 0), 7), ((37974745, 38078585, 0), 18), ((38078585, 38078589, 0), 31), ('GOAL', 38078589, 31), ('GOAL', 38078589, None), ('GOAL', 38078589, None)]
66	[((38024763, 38024769, 0), 0), ((38024769, 38024763, 0), 8), ((38024763, 38024757, 0), 12), ((38024757, 38057031, 0), 19), ((38057031, 38046725, 0), 31), ((38046725, 38058901, 0), 39), ((38058901, 38078585, 0), 50), ((38078585, 38078589, 0), 59), ('GOAL', 38078589, 59), ('GOAL', 38078589, None), ('GOAL', 38078589, None)]
67	[((38009439, 37987901, 0), 0), ((37987901, 38127601, 0), 3), ((38127601, 38005219, 0), 6), ((38005219, 38014590, 0), 10), ((38014590, 38063509, 0), 15), ((38063509, 38039366, 0), 19), ((38039366, 38048961, 0), 26), ((38048961, 38048956, 0), 41), ((38048956, 38048952, 0), 50), ((38048952, 38096643, 0), 55), ((38096643, 38024757, 0), 59), ((38024757, 38057031, 0), 67), ((38057031, 38046725, 0), 89), ((38046725, 38058901, 0), 100), ((38058901, 38078585, 0), 110), ((38078585, 38078589, 0), 120), ('GOAL', 38078589, 120)]
68	[((38083061, 387669119, 0), 0), ((387669119, 38135625, 0), 10), ((38135625, 38024769, 0), 13), ((38024769, 38024763, 0), 15), ((38024763, 38024757, 0), 19), ((38024757, 38057031, 0), 25), ((38057031, 38046725, 0), 40), ((38046725, 38058901, 0), 48), ((38058901, 38078585, 0), 58), ((38078585, 38078589, 0), 68), ('GOAL', 38078589, 68), ('GOAL', 38078589, None)]
69	[((38009439, 37982977, 0), 0), ((37982977, 38009439, 0), 5), ((38009439, 37987901, 0), 9), ((37987901, 38127601, 0), 12), ((38127601, 38005219, 0), 15), ((38005219, 38014590, 0), 19), ((38014590, 38063509, 0), 24), ((38063509, 38039366, 0), 29), ((38039366, 38048961, 0), 37), ((38048961, 38048956, 0), 51), ((38048956, 38048952, 0), 60), ((38048952, 38096643, 0), 65), ((38096643, 37982563, 0), 69), ((37982563, 37982560, 0), 76), ((37982560, 37982555, 0), 85), ((37982555, 37982544, 0), 91), ((37982544, 38058900, 0), 104), ((38058900, 38127679, 0), 117), ((38127679, 38107786, 0), 121), ('GOAL', 38107786, 121)]
70	[((38062557, 38062559, 0), 0), ((38062559, 38062557, 0), 11), ((38062557, 38126875, 0), 24), ((38126875, 38123182, 0), 37), ((38123182, 38038045, 0), 42), ((38038045, 38002419, 0), 52), ((38002419, 37982587, 0), 60), ((37982587, 37982582, 0), 67), ((37982582, 37982569, 0), 73), ((37982569, 37982563, 0), 78), ((37982563, 37982560, 0), 85), ((37982560, 37982555, 0), 96), ((37982555, 37982544, 0), 101), ((37982544, 38058900, 0), 116), ((38058900, 38127679, 0), 129), ((38127679, 38107786, 0), 133), ('GOAL', 38107786, 133)]
71	[((37975542, 38063505, 0), 0), ((38063505, 38063509, 0), 4), ((38063509, 38039366, 0), 11), ((38039366, 38048961, 0), 16), ((38048961, 38048956, 0), 30), ((38048956, 38048952, 0), 39), ((38048952, 38096643, 0), 44), ((38096643, 38024757, 0), 48), ((38024757, 38057031, 0), 57), ((38057031, 38046725, 0), 79), ((38046725, 38058901, 0), 90), ((38058901, 38078585, 0), 100), ((38078585, 38078589, 0), 110), ('GOAL', 38078589, 110), ('GOAL', 38078589, None)]
72	[((38046725, 38057031, 0), 0), ((38057031, 38046725, 0), 3), ((38046725, 38058901, 0), 8), ((38058901, 38078585, 0), 18), ((38078585, 38078589, 0), 27), ('GOAL', 38078589, 27), ('GOAL', 38078589, None), ('GOAL', 38078589, None)]
73	[((38048961, 387669119, 0), 0), ((387669119, 38135625, 0), 4), ((38135625, 38024769, 0), 7), ((38024769, 38024763, 0), 9), ((38024763, 38024757, 0), 13), ((38024757, 38057031, 0), 21), ((38057031, 38046725, 0), 32), ((38046725, 38058901, 0), 40), ((38058901, 38078585, 0), 51), ((38078585, 38078589, 0), 60), ('GOAL', 38078589, 60), ('GOAL', 38078589, None), ('GOAL', 38078589, None)]
74	[((38077748, 38127601, 0), 0), ((38127601, 38005219, 0), 3), ((38005219, 38014590, 0), 7), ((38014590, 38063509, 0), 12), ((38063509, 38039366, 0), 16), ((38039366, 38048961, 0), 23), ((38048961, 38048956, 0), 38), ((38048956, 38048952, 0), 47), ((38048952, 38096643, 0), 52), ((38096643, 38024757, 0), 56), ((38024757, 38057031, 0), 65), ((38057031, 38046725, 0), 86), ((38046725, 38058901, 0), 97), ((38058901, 38078585, 0), 108), ((38078585, 38078589, 0), 117), ('GOAL', 38078589, 117)]
75	[((38062557, 38062559, 0), 0), ((38062559, 38062557, 0), 13), ((38062557, 38126875, 0), 27), ((38126875, 38123182, 0), 39), ((38123182, 38038045, 0), 45), ((38038045, 38002419, 0), 54), ((38002419, 37982587, 0), 63), ((37982587, 37982582, 0), 70), ((37982582, 37982569, 0), 75), ((37982569, 37982563, 0), 80), ((37982563, 37982560, 0), 87), ((37982560, 37982555, 0), 98), ((37982555, 37982544, 0), 104), ((37982544, 38058900, 0), 119), ((38058900, 38127679, 0), 131), ((38127679, 38107786, 0), 136), ('GOAL', 38107786, 136)]
76	[((38126875, 38126878, 0), 0), ((38126878, 38126875, 0), 4), ((38126875, 38123182, 0), 8), ((38123182, 38038045, 0), 13), ((38038045, 38002419, 0), 24), ((38002419, 37982587, 0), 33), ((37982587, 37982582, 0), 48), ((37982582, 37982569, 0), 57), ((37982569, 37982563, 0), 67), ((37982563, 37982560, 0), 73), ((37982560, 37982555, 0), 80), ((37982555, 37982544, 0), 85), ((37982544, 38058900, 0), 98), ((38058900, 38127679, 0), 110), ((38127679, 38107786, 0), 115), ('GOAL', 38107786, 115)]
77	[((38107786, 38127679, 0), 0), ((38127679, 38107786, 0), 1), ('GOAL', 38107786, 1), ('GOAL', 38107786, None), ('GOAL', 38107786, None), ('GOAL', 38107786, None)]
78	[((37982587, 38002419, 0), 0), ((38002419, 37982587, 0), 7), ((37982587, 37982582, 0), 16), ((37982582, 37982569, 0), 22), ((37982569, 37982563, 0), 30), ((37982563, 37982560, 0), 36), ((37982560, 37982555, 0), 41), ((37982555, 37982544, 0), 47), ((37982544, 38058900, 0), 55), ((38058900, 38127679, 0), 67), ((38127679, 38107786, 0), 72), ('GOAL', 38107786, 72), ('GOAL', 38107786, None)]
79	[((37982590, 37982597, 0), 0), ((37982597, 37982590, 0), 3), ((37982590, 37982587, 0), 7), ((37982587, 37982582, 0), 9), ((37982582, 37982569, 0), 14), ((37982569, 37982563, 0), 22), ((37982563, 37982560, 0), 27), ((37982560, 37982555, 0), 33), ((37982555, 37982544, 0), 39), ((37982544, 38058900, 0), 46), ((38058900, 38127679, 0), 58), ((38127679, 38107786, 0), 62), ('GOAL', 38107786, 62), ('GOAL', 38107786, None), ('GOAL', 38107786, None)]
80	[((38096643, 38024757, 0), 0), ((38024757, 38057031, 0), 5), ((38057031, 38046725, 0), 13), ((38046725, 38058901, 0), 20), ((38058901, 38078585, 0), 30), ((38078585, 38078589, 0), 40), ('GOAL', 38078589, 40), ('GOAL', 38078589, None), ('GOAL', 38078589, None)]
81	[((38002421, 38002424, 0), 0), ((38002424, 38002421, 0), 7), ((38002421, 38002419, 0), 12), ((38002419, 37982587, 0), 21), ((37982587, 37982582, 0), 33), ((37982582, 37982569, 0), 42), ((37982569, 37982563, 0), 52), ((37982563, 37982560, 0), 57), ((37982560, 37982555, 0), 63), ((37982555, 37982544, 0), 69), ((37982544, 38058900, 0), 79), ((38058900, 38127679, 0), 91), ((38127679, 38107786, 0), 96), ('GOAL', 38107786, 96), ('GOAL', 38107786, None)]
82	[((38126875, 38062557, 0), 0), ((38062557, 38126875, 0), 4), ((38126875, 38123182, 0), 16), ((38123182, 38038045, 0), 22), ((38038045, 38002419, 0), 31), ((38002419, 37982587, 0), 39), ((37982587, 37982582, 0), 52), ((37982582, 37982569, 0), 61), ((37982569, 37982563, 0), 71), ((37982563, 37982560, 0), 77), ((37982560, 37982555, 0), 87), ((37982555, 37982544, 0), 92), ((37982544, 38058900, 0), 106), ((38058900, 38127679, 0), 118), ((38127679, 38107786, 0), 123), ('GOAL', 38107786, 123)]
83	[((38048961, 38048956, 0), 0), ((38048956, 38048952, 0), 2), ((38048952, 38096643, 0), 7), ((38096643, 38024757, 0), 11), ((38024757, 38057031, 0), 15), ((38057031, 38046725, 0), 25), ((38046725, 38058901, 0), 33), ((38058901, 38078585, 0), 43), ((38078585, 38078589, 0), 53), ('GOAL', 38078589, 53), ('GOAL', 38078589, None), ('GOAL', 38078589, None)]
84	[((38024763, 38024757, 0), 0), ((38024757, 38057031, 0), 2), ((38057031, 38046725, 0), 11), ((38046725, 38058901, 0), 19), ((38058901, 38078585, 0), 29), ((38078585, 38078589, 0), 39), ('GOAL', 38078589, 39), ('GOAL', 38078589, None), ('GOAL', 38078589, None)]
85	[((38005221, 5434455020, 0), 0), ((5434455020, 38005221, 0), 5), ((38005221, 38002424, 0), 10), ((38002424, 38002421, 0), 14), ((38002421, 38002419, 0), 20), ((38002419, 37982587, 0), 28), ((37982587, 37982582, 0), 41), ((37982582, 37982569, 0), 50), ((37982569, 37982563, 0), 60), ((37982563, 37982560, 0), 66), ((37982560, 37982555, 0), 71), ((37982555, 37982544, 0), 77), ((37982544, 38058900, 0), 88), ((38058900, 38127679, 0), 101), ((38127679, 38107786, 0), 105), ('GOAL', 38107786, 105), ('GOAL', 38107786, None)]
86	[((37982582, 37982569, 0), 0), ((37982569, 37982563, 0), 5), ((37982563, 37982560, 0), 9), ((37982560, 37982555, 0), 15), ((37982555, 37982544, 0), 22), ((37982544, 38058900, 0), 27), ((38058900, 38127679, 0), 39), ((38127679, 38107786, 0), 44), ('GOAL', 38107786, 44), ('GOAL', 38107786, None), ('GOAL', 38107786, None)]
87	[((37982563, 37982560, 0), 0), ((37982560, 37982555, 0), 6), ((37982555, 37982544, 0), 11), ((37982544, 38058900, 0), 16), ((38058900, 38127679, 0), 28), ((38127679, 38107786, 0), 33), ('GOAL', 38107786, 33), ('GOAL', 38107786, None), ('GOAL', 38107786, None)]
88	[((38127601, 38077748, 0), 0), ((38077748, 38005217, 0), 2), ((38005217, 38014586, 0), 6), ((38014586, 38063505, 0), 14), ((38063505, 38063509, 0), 17), ((38063509, 38039366, 0), 22), ((38039366, 38048961, 0), 30), ((38048961, 38048956, 0), 45), ((38048956, 38048952, 0), 54), ((38048952, 38096643, 0), 59), ((38096643, 38024757, 0), 63), ((38024757, 38057031, 0), 71), ((38057031, 38046725, 0), 92), ((38046725, 38058901, 0), 104), ((38058901, 38078585, 0), 114), ((38078585, 38078589, 0), 124), ('GOAL', 38078589, 124)]
89	[((38062559, 37982991, 0), 0), ((37982991, 38062559, 0), 7), ((38062559, 38062557, 0), 14), ((38062557, 38126875, 0), 28), ((38126875, 38123182, 0), 40), ((38123182, 38038045, 0), 46), ((38038045, 38002419, 0), 56), ((38002419, 37982587, 0), 64), ((37982587, 37982582, 0), 71), ((37982582, 37982569, 0), 76), ((37982569, 37982563, 0), 82), ((37982563, 37982560, 0), 88), ((37982560, 37982555, 0), 99), ((37982555, 37982544, 0), 105), ((37982544, 38058900, 0), 120), ((38058900, 38127679, 0), 133), ((38127679, 38107786, 0), 137), ('GOAL', 38107786, 137)]
90	[((38057031, 37982555, 0), 0), ((37982555, 37982544, 0), 5), ((37982544, 38058900, 0), 12), ((38058900, 38127679, 0), 24), ((38127679, 38107786, 0), 28), ('GOAL', 38107786, 28), ('GOAL', 38107786, None), ('GOAL', 38107786, None)]
91	[((38096643, 38048952, 0), 0), ((38048952, 38096643, 0), 3), ((38096643, 38024757, 0), 7), ((38024757, 38057031, 0), 13), ((38057031, 38046725, 0), 22), ((38046725, 38058901, 0), 29), ((38058901, 38078585, 0), 39), ((38078585, 38078589, 0), 49), ('GOAL', 38078589, 49), ('GOAL', 38078589, None), ('GOAL', 38078589, None)]
92	[((38058900, 37982544, 0), 0), ((37982544, 38058900, 0), 9), ((38058900, 38127679, 0), 21), ((38127679, 38107786, 0), 26), ('GOAL', 38107786, 26), ('GOAL', 38107786, None), ('GOAL', 38107786, None)]
93	[((38063509, 38039366, 0), 0), ((38039366, 38048961, 0), 3), ((38048961, 38048956, 0), 18), ((38048956, 38048952, 0), 27), ((38048952, 38096643, 0), 32), ((38096643, 38024757, 0), 37), ((38024757, 38057031, 0), 48), ((38057031, 38046725, 0), 70), ((38046725, 38058901, 0), 80), ((38058901, 38078585, 0), 90), ((38078585, 38078589, 0), 100), ('GOAL', 38078589, 100), ('GOAL', 38078589, None)]
94	[((37982582, 38035334, 0), 0), ((38035334, 37982582, 0), 6), ((37982582, 37982569, 0), 13), ((37982569, 37982563, 0), 20), ((37982563, 37982560, 0), 25), ((37982560, 37982555, 0), 31), ((37982555, 37982544, 0), 36), ((37982544, 38058900, 0), 43), ((38058900, 38127679, 0), 55), ((38127679, 38107786, 0), 60), ('GOAL', 38107786, 60), ('GOAL', 38107786, None), ('GOAL', 38107786, None)]
95	[((6563450918, 38057031, 0), 0), ((38057031, 38046725, 0), 6), ((38046725, 38058901, 0), 12), ((38058901, 38078585, 0), 23), ((38078585, 38078589, 0), 32), ('GOAL', 38078589, 32), ('GOAL', 38078589, None), ('GOAL', 38078589, None)]
96	[((38057031, 37982555, 0), 0), ((37982555, 37982544, 0), 7), ((37982544, 38058900, 0), 14), ((38058900, 38127679, 0), 26), ((38127679, 38107786, 0), 31), ('GOAL', 38107786, 31), ('GOAL', 38107786, None), ('GOAL', 38107786, None)]
97	[((38048956, 38048952, 0), 0), ((38048952, 38096643, 0), 5), ((38096643, 38024757, 0), 8), ((38024757, 38057031, 0), 14), ((38057031, 38046725, 0), 23), ((38046725, 38058901, 0), 30), ((38058901, 38078585, 0), 41), ((38078585, 38078589, 0), 50), ('GOAL', 38078589, 50), ('GOAL', 38078589, None), ('GOAL', 38078589, None)]
98	[((38039366, 38048961, 0), 0), ((38048961, 38048956, 0), 1), ((38048956, 38048952, 0), 11), ((38048952, 38096643, 0), 21), ((38096643, 38024757, 0), 25), ((38024757, 38057031, 0), 34), ((38057031, 38046725, 0), 53), ((38046725, 38058901, 0), 62), ((38058901, 38078585, 0), 72), ((38078585, 38078589, 0), 82), ('GOAL', 38078589, 82), ('GOAL', 38078589, None)]
99	[((38046725, 37982544, 0), 0), ((37982544, 38058900, 0), 2), ((38058900, 38127679, 0), 15), ((38127679, 38107786, 0), 20), ('GOAL', 38107786, 20), ('GOAL', 38107786, None), ('GOAL', 38107786, None)]
100	[((38048961, 38048956, 0), 0), ((38048956, 38048952, 0), 5), ((38048952, 38096643, 0), 12), ((38096643, 38024757, 0), 16), ((38024757, 38057031, 0), 24), ((38057031, 38046725, 0), 37), ((38046725, 38058901, 0), 45), ((38058901, 38078585, 0), 56), ((38078585, 38078589, 0), 65), ('GOAL', 38078589, 65), ('GOAL', 38078589, None)]
101	[((38078585, 38058901, 0), 0), ((38058901, 38078585, 0), 10), ((38078585, 38078589, 0), 19), ('GOAL', 38078589, 19), ('GOAL', 38078589, None), ('GOAL', 38078589, None)]
102	[((38024763, 38024769, 0), 0), ((38024769, 38024763, 0), 9), ((38024763, 38024757, 0), 14), ((38024757, 38057031, 0), 22), ((38057031, 38046725, 0), 35), ((38046725, 38058901, 0), 43), ((38058901, 38078585, 0), 53), ((38078585, 38078589, 0), 63), ('GOAL', 38078589, 63), ('GOAL', 38078589, None), ('GOAL', 38078589, None)]
103	[((38046725, 37974740, 0), 0), ((37974740, 37974742, 0), 1), ((37974742, 37974745, 0), 10), ((37974745, 38078585, 0), 20), ((38078585, 38078589, 0), 32), ('GOAL', 38078589, 32), ('GOAL', 38078589, None), ('GOAL', 38078589, None)]
104	[((38002421, 38035340, 0), 0), ((38035340, 38048956, 0), 7), ((38048956, 38048952, 0), 13), ((38048952, 38096643, 0), 23), ((38096643, 38024757, 0), 27), ((38024757, 38057031, 0), 37), ((38057031, 38046725, 0), 58), ((38046725, 38058901, 0), 67), ((38058901, 38078585, 0), 77), ((38078585, 38078589, 0), 87), ('GOAL', 38078589, 87), ('GOAL', 38078589, None)]
105	[((37982977, 38128507, 0), 0), ((38128507, 37982977, 0), 3), ((37982977, 38009439, 0), 7), ((38009439, 37987901, 0), 10), ((37987901, 38127601, 0), 13), ((38127601, 38005219, 0), 17), ((38005219, 38014590, 0), 20), ((38014590, 38063509, 0), 25), ((38063509, 38039366, 0), 30), ((38039366, 38048961, 0), 38), ((38048961, 38048956, 0), 53), ((38048956, 38048952, 0), 62), ((38048952, 38096643, 0), 67), ((38096643, 37982563, 0), 71), ((37982563, 37982560, 0), 77), ((37982560, 37982555, 0), 88), ((37982555, 37982544, 0), 93), ((37982544, 38058900, 0), 107), ((38058900, 38127679, 0), 119), ((38127679, 38107786, 0), 124), ('GOAL', 38107786, 124)]
106	[((37982587, 38002419, 0), 0), ((38002419, 37982587, 0), 9), ((37982587, 37982582, 0), 17), ((37982582, 37982569, 0), 23), ((37982569, 37982563, 0), 32), ((37982563, 37982560, 0), 37), ((37982560, 37982555, 0), 43), ((37982555, 37982544, 0), 48), ((37982544, 38058900, 0), 56), ((38058900, 38127679, 0), 68), ((38127679, 38107786, 0), 73), ('GOAL', 38107786, 73), ('GOAL', 38107786, None)]
107	[((38035334, 37982582, 0), 0), ((37982582, 37982569, 0), 2), ((37982569, 37982563, 0), 6), ((37982563, 37982560, 0), 12), ((37982560, 37982555, 0), 18), ((37982555, 37982544, 0), 23), ((37982544, 38058900, 0), 28), ((38058900, 38127679, 0), 40), ((38127679, 38107786, 0), 45), ('GOAL', 38107786, 45), ('GOAL', 38107786, None), ('GOAL', 38107786, None)]
108	[((38035348, 38002424, 0), 0), ((38002424, 38002421, 0), 3), ((38002421, 38002419, 0), 10), ((38002419, 37982587, 0), 19), ((37982587, 37982582, 0), 31), ((37982582, 37982569, 0), 39), ((37982569, 37982563, 0), 48), ((37982563, 37982560, 0), 54), ((37982560, 37982555, 0), 59), ((37982555, 37982544, 0), 65), ((37982544, 38058900, 0), 75), ((38058900, 38127679, 0), 87), ((38127679, 38107786, 0), 92), ('GOAL', 38107786, 92), ('GOAL', 38107786, None)]
109	[((37982977, 37982974, 0), 0), ((37982974, 37982977, 0), 1), ((37982977, 38009439, 0), 4), ((38009439, 37987901, 0), 7), ((37987901, 38127601, 0), 10), ((38127601, 38005219, 0), 13), ((38005219, 38014590, 0), 17), ((38014590, 38063509, 0), 22), ((38063509, 38039366, 0), 26), ((38039366, 38048961, 0), 34), ((38048961, 38048956, 0), 49), ((38048956, 38048952, 0), 58), ((38048952, 38096643, 0), 63), ((38096643, 37982563, 0), 67), ((37982563, 37982560, 0), 73), ((37982560, 37982555, 0), 81), ((37982555, 37982544, 0), 86), ((37982544, 38058900, 0), 99), ((38058900, 38127679, 0), 111), ((38127679, 38107786, 0), 116), ('GOAL', 38107786, 116)]
110	[((37982544, 38046725, 0), 0), ((38046725, 38058901, 0), 4), ((38058901, 38078585, 0), 13), ((38078585, 38078589, 0), 23), ('GOAL', 38078589, 23), ('GOAL', 38078589, None), ('GOAL', 38078589, None)]
111	[((38005221, 5434455020, 0), 0), ((5434455020, 38005221, 0), 7), ((38005221, 38002424, 0), 11), ((38002424, 38002421, 0), 17), ((38002421, 38002419, 0), 22), ((38002419, 37982587, 0), 29), ((37982587, 37982582, 0), 44), ((37982582, 37982569, 0), 53), ((37982569, 37982563, 0), 63), ((37982563, 37982560, 0), 68), ((37982560, 37982555, 0), 74), ((37982555, 37982544, 0), 79), ((37982544, 38058900, 0), 91), ((38058900, 38127679, 0), 103), ((38127679, 38107786, 0), 108), ('GOAL', 38107786, 108), ('GOAL', 38107786, None)]
112	[((38078589, 38078585, 0), 0), ((38078585, 38078589, 0), 4), ('GOAL', 38078589, 4), ('GOAL', 38078589, None), ('GOAL', 38078589, None), ('GOAL', 38078589, None)]
113	[((38039366, 38083061, 0), 0), ((38083061, 387669119, 0), 2), ((387669119, 38135625, 0), 12), ((38135625, 38024769, 0), 15), ((38024769, 38024763, 0), 17), ((38024763, 38024757, 0), 21), ((38024757, 38057031, 0), 29), ((38057031, 38046725, 0), 43), ((38046725, 38058901, 0), 52), ((38058901, 38078585, 0), 62), ((38078585, 38078589, 0), 72), ('GOAL', 38078589, 72), ('GOAL', 38078589, None)]
114	[((37982544, 38046725, 0), 0), ((38046725, 38058901, 0), 8), ((38058901, 38078585, 0), 19), ((38078585, 38078589, 0), 29), ('GOAL', 38078589, 29), ('GOAL', 38078589, None), ('GOAL', 38078589, None)]
115	[((38058901, 37974742, 0), 0), ((37974742, 37974745, 0), 4), ((37974745, 38078585, 0), 13), ((38078585, 38078589, 0), 26), ('GOAL', 38078589, 26), ('GOAL', 38078589, None), ('GOAL', 38078589, None)]
116	[((38039366, 38048961, 0), 0), ((38048961, 38048956, 0), 4), ((38048956, 38048952, 0), 15), ((38048952, 38096643, 0), 27), ((38096643, 38024757, 0), 31), ((38024757, 38057031, 0), 41), ((38057031, 38046725, 0), 61), ((38046725, 38058901, 0), 71), ((38058901, 38078585, 0), 81), ((38078585, 38078589, 0), 91), ('GOAL', 38078589, 91), ('GOAL', 38078589, None)]
117	[((38048956, 38048961, 0), 0), ((38048961, 38048956, 0), 1), ((38048956, 38048952, 0), 10), ((38048952, 38096643, 0), 19), ((38096643, 38024757, 0), 23), ((38024757, 38057031, 0), 32), ((38057031, 38046725, 0), 49), ((38046725, 38058901, 0), 58), ((38058901, 38078585, 0), 69), ((38078585, 38078589, 0), 78), ('GOAL', 38078589, 78), ('GOAL', 38078589, None)]
118	[((37982587, 38002419, 0), 0), ((38002419, 37982587, 0), 10), ((37982587, 37982582, 0), 19), ((37982582, 37982569, 0), 25), ((37982569, 37982563, 0), 34), ((37982563, 37982560, 0), 39), ((37982560, 37982555, 0), 45), ((37982555, 37982544, 0), 51), ((37982544, 38058900, 0), 59), ((38058900, 38127679, 0), 71), ((38127679, 38107786, 0), 76), ('GOAL', 38107786, 76), ('GOAL', 38107786, None)]
119	[((37982977, 37982974, 0), 0), ((37982974, 37982977, 0), 3), ((37982977, 38009439, 0), 5), ((38009439, 37987901, 0), 8), ((37987901, 38127601, 0), 11), ((38127601, 38005219, 0), 14), ((38005219, 38014590, 0), 18), ((38014590, 38063509, 0), 23), ((38063509, 38039366, 0), 28), ((38039366, 38048961, 0), 35), ((38048961, 38048956, 0), 50), ((38048956, 38048952, 0), 59), ((38048952, 38096643, 0), 64), ((38096643, 37982563, 0), 68), ((37982563, 37982560, 0), 75), ((37982560, 37982555, 0), 82), ((37982555, 37982544, 0), 88), ((37982544, 38058900, 0), 100), ((38058900, 38127679, 0), 113), ((38127679, 38107786, 0), 117), ('GOAL', 38107786, 117)]
120	[((37974742, 2366289498, 0), 0), ((2366289498, 2366289499, 0), 6), ((2366289499, 37974745, 0), 14), ((37974745, 38078585, 0), 25), ((38078585, 38078589, 0), 38), ('GOAL', 38078589, 38), ('GOAL', 38078589, None), ('GOAL', 38078589, None)]
121	[((37985146, 38048877, 0), 0), ((38048877, 37985146, 0), 7), ((37985146, 2366289498, 0), 13), ((2366289498, 2366289499, 0), 21), ((2366289499, 37974745, 0), 28), ((37974745, 38078585, 0), 40), ((38078585, 38078589, 0), 53), ('GOAL', 38078589, 53), ('GOAL', 38078589, None), ('GOAL', 38078589, None)]
122	[((38127679, 38078585, 0), 0), ((38078585, 38078589, 0), 7), ('GOAL', 38078589, 7), ('GOAL', 38078589, None), ('GOAL', 38078589, None)]
123	[((38035340, 38048956, 0), 0), ((38048956, 38048952, 0), 5), ((38048952, 38096643, 0), 11), ((38096643, 38024757, 0), 14), ((38024757, 38057031, 0), 21), ((38057031, 38046725, 0), 34), ((38046725, 38058901, 0), 42), ((38058901, 38078585, 0), 52), ((38078585, 38078589, 0), 62), ('GOAL', 38078589, 62), ('GOAL', 38078589, None), ('GOAL', 38078589, None)]
124	[((38057031, 6563450918, 0), 0), ((6563450918, 38057031, 0), 6), ((38057031, 38046725, 0), 14), ((38046725, 38058901, 0), 21), ((38058901, 38078585, 0), 32), ((38078585, 38078589, 0), 41), ('GOAL', 38078589, 41), ('GOAL', 38078589, None), ('GOAL', 38078589, None)]
125	[((2366289498, 37974742, 0), 0), ((37974742, 37974745, 0), 11), ((37974745, 38078585, 0), 21), ((38078585, 38078589, 0), 34), ('GOAL', 38078589, 34), ('GOAL', 38078589, None), ('GOAL', 38078589, None)]
126	[((38039366, 38048961, 0), 0), ((38048961, 38048956, 0), 9), ((38048956, 38048952, 0), 20), ((38048952, 38096643, 0), 31), ((38096643, 38024757, 0), 35), ((38024757, 38057031, 0), 46), ((38057031, 38046725, 0), 68), ((38046725, 38058901, 0), 78), ((38058901, 38078585, 0), 89), ((38078585, 38078589, 0), 98), ('GOAL', 38078589, 98), ('GOAL', 38078589, None)]
127	[((38078585, 38078589, 0), 0), ('GOAL', 38078589, None), ('GOAL', 38078589, None), ('GOAL', 38078589, None), ('GOAL', 38078589, None)]
128	[((37974740, 37974742, 0), 0), ((37974742, 37974745, 0), 2), ((37974745, 38078585, 0), 12), ((38078585, 38078589, 0), 24), ('GOAL', 38078589, 24), ('GOAL', 38078589, None), ('GOAL', 38078589, None)]
129	[((37982569, 37982563, 0), 0), ((37982563, 37982560, 0), 4), ((37982560, 37982555, 0), 10), ((37982555, 37982544, 0), 16), ((37982544, 38058900, 0), 21), ((38058900, 38127679, 0), 32), ((38127679, 38107786, 0), 37), ('GOAL', 38107786, 37), ('GOAL', 38107786, None), ('GOAL', 38107786, None)]
130	[((38039364, 38063505, 0), 0), ((38063505, 38063509, 0), 10), ((38063509, 38039366, 0), 16), ((38039366, 38048961, 0), 22), ((38048961, 38048956, 0), 37), ((38048956, 38048952, 0), 46), ((38048952, 38096643, 0), 51), ((38096643, 38024757, 0), 55), ((38024757, 38057031, 0), 63), ((38057031, 38046725, 0), 85), ((38046725, 38058901, 0), 96), ((38058901, 38078585, 0), 107), ((38078585, 38078589, 0), 116), ('GOAL', 38078589, 116)]
131	[((38002419, 38035334, 0), 0), ((38035334, 37982582, 0), 4), ((37982582, 37982569, 0), 11), ((37982569, 37982563, 0), 18), ((37982563, 37982560, 0), 24), ((37982560, 37982555, 0), 30), ((37982555, 37982544, 0), 35), ((37982544, 38058900, 0), 42), ((38058900, 38127679, 0), 54), ((38127679, 38107786, 0), 58), ('GOAL', 38107786, 58), ('GOAL', 38107786, None), ('GOAL', 38107786, None)]
132	[((6563450916, 6563450917, 0), 0), ((6563450917, 38048877, 0), 2), ((38048877, 37985146, 0), 14), ((37985146, 2366289498, 0), 20), ((2366289498, 2366289499, 0), 27), ((2366289499, 37974745, 0), 35), ((37974745, 38078585, 0), 46), ((38078585, 38078589, 0), 59), ('GOAL', 38078589, 59), ('GOAL', 38078589, None), ('GOAL', 38078589, None)]
133	[((38127679, 38107786, 0), 0), ('GOAL', 38107786, None), ('GOAL', 38107786, None), ('GOAL', 38107786, None), ('GOAL', 38107786, None)]
134	[((38024757, 37982560, 0), 0), ((37982560, 37982555, 0), 11), ((37982555, 37982544, 0), 18), ((37982544, 38058900, 0), 23), ((38058900, 38127679, 0), 35), ((38127679, 38107786, 0), 40), ('GOAL', 38107786, 40), ('GOAL', 38107786, None), ('GOAL', 38107786, None)]
135	[((37982569, 37982563, 0), 0), ((37982563, 37982560, 0), 6), ((37982560, 37982555, 0), 11), ((37982555, 37982544, 0), 17), ((37982544, 38058900, 0), 22), ((38058900, 38127679, 0), 34), ((38127679, 38107786, 0), 38), ('GOAL', 38107786, 38), ('GOAL', 38107786, None), ('GOAL', 38107786, None)]
136	[((37982569, 37982563, 0), 0), ((37982563, 37982560, 0), 7), ((37982560, 37982555, 0), 13), ((37982555, 37982544, 0), 19), ((37982544, 38058900, 0), 24), ((38058900, 38127679, 0), 36), ((38127679, 38107786, 0), 41), ('GOAL', 38107786, 41), ('GOAL', 38107786, None), ('GOAL', 38107786, None)]
137	[((38005221, 5434455020, 0), 0), ((5434455020, 38005221, 0), 8), ((38005221, 38002424, 0), 13), ((38002424, 38002421, 0), 18), ((38002421, 38002419, 0), 24), ((38002419, 37982587, 0), 31), ((37982587, 37982582, 0), 45), ((37982582, 37982569, 0), 54), ((37982569, 37982563, 0), 64), ((37982563, 37982560, 0), 69), ((37982560, 37982555, 0), 75), ((37982555, 37982544, 0), 80), ((37982544, 38058900, 0), 92), ((38058900, 38127679, 0), 105), ((38127679, 38107786, 0), 109), ('GOAL', 38107786, 109), ('GOAL', 38107786, None)]
138	[((38127679, 38078585, 0), 0), ((38078585, 38078589, 0), 9), ('GOAL', 38078589, 9), ('GOAL', 38078589, None), ('GOAL', 38078589, None)]
139	[((38014590, 38063509, 0), 0), ((38063509, 38039366, 0), 5), ((38039366, 38048961, 0), 8), ((38048961, 38048956, 0), 22), ((38048956, 38048952, 0), 31), ((38048952, 38096643, 0), 36), ((38096643, 38024757, 0), 40), ((38024757, 38057031, 0), 50), ((38057031, 38046725, 0), 72), ((38046725, 38058901, 0), 82), ((38058901, 38078585, 0), 93), ((38078585, 38078589, 0), 102), ('GOAL', 38078589, 102), ('GOAL', 38078589, None)]
140	[((37985146, 2366289498, 0), 0), ((2366289498, 2366289499, 0), 8), ((2366289499, 37974745, 0), 16), ((37974745, 38078585, 0), 27), ((38078585, 38078589, 0), 40), ('GOAL', 38078589, 40), ('GOAL', 38078589, None), ('GOAL', 38078589, None)]
141	[((37982587, 37982582, 0), 0), ((37982582, 37982569, 0), 3), ((37982569, 37982563, 0), 8), ((37982563, 37982560, 0), 13), ((37982560, 37982555, 0), 19), ((37982555, 37982544, 0), 24), ((37982544, 38058900, 0), 29), ((38058900, 38127679, 0), 42), ((38127679, 38107786, 0), 46), ('GOAL', 38107786, 46), ('GOAL', 38107786, None), ('GOAL', 38107786, None)]
142	[((38063509, 38063505, 0), 0), ((38063505, 38063509, 0), 4), ((38063509, 38039366, 0), 10), ((38039366, 38048961, 0), 14), ((38048961, 38048956, 0), 29), ((38048956, 38048952, 0), 38), ((38048952, 38096643, 0), 43), ((38096643, 38024757, 0), 47), ((38024757, 38057031, 0), 56), ((38057031, 38046725, 0), 78), ((38046725, 38058901, 0), 89), ((38058901, 38078585, 0), 99), ((38078585, 38078589, 0), 108), ('GOAL', 38078589, 108), ('GOAL', 38078589, None)]
143	[((37982611, 37982091, 0), 0), ((37982091, 37982611, 0), 2), ((37982611, 37982610, 0), 4), ((37982610, 37960220, 0), 8), ((37960220, 37982606, 0), 10), ((37982606, 37982597, 0), 17), ((37982597, 37982590, 0), 22), ((37982590, 37982587, 0), 25), ((37982587, 37982582, 0), 27), ((37982582, 37982569, 0), 34), ((37982569, 37982563, 0), 43), ((37982563, 37982560, 0), 49), ((37982560, 37982555, 0), 55), ((37982555, 37982544, 0), 60), ((37982544, 38058900, 0), 70), ((38058900, 38127679, 0), 82), ((38127679, 38107786, 0), 86), ('GOAL', 38107786, 86), ('GOAL', 38107786, None)]
144	[((6563450918, 38057031, 0), 0), ((38057031, 38046725, 0), 9), ((38046725, 38058901, 0), 15), ((38058901, 38078585, 0), 25), ((38078585, 38078589, 0), 35), ('GOAL', 38078589, 35), ('GOAL', 38078589, None), ('GOAL', 38078589, None)]
145	[((387669119, 38083061, 0), 0), ((38083061, 387669119, 0), 4), ((387669119, 38135625, 0), 14), ((38135625, 38024769, 0), 17), ((38024769, 38024763, 0), 19), ((38024763, 38024757, 0), 23), ((38024757, 38057031, 0), 32), ((38057031, 38046725, 0), 48), ((38046725, 38058901, 0), 57), ((38058901, 38078585, 0), 67), ((38078585, 38078589, 0), 77), ('GOAL', 38078589, 77), ('GOAL', 38078589, None)]
146	[((38048961, 38048956, 0), 0), ((38048956, 38048952, 0), 9), ((38048952, 38096643, 0), 18), ((38096643, 38024757, 0), 22), ((38024757, 38057031, 0), 30), ((38057031, 38046725, 0), 47), ((38046725, 38058901, 0), 56), ((38058901, 38078585, 0), 66), ((38078585, 38078589, 0), 75), ('GOAL', 38078589, 75), ('GOAL', 38078589, None)]
147	[((38014586, 38063505, 0), 0), ((38063505, 38063509, 0), 2), ((38063509, 38039366, 0), 8), ((38039366, 38048961, 0), 12), ((38048961, 38048956, 0), 26), ((38048956, 38048952, 0), 35), ((38048952, 38096643, 0), 40), ((38096643, 38024757, 0), 44), ((38024757, 38057031, 0), 54), ((38057031, 38046725, 0), 76), ((38046725, 38058901, 0), 86), ((38058901, 38078585, 0), 96), ((38078585, 38078589, 0), 106), ('GOAL', 38078589, 106), ('GOAL', 38078589, None)]
148	[((38083061, 38077723, 0), 0), ((38077723, 38083061, 0), 1), ((38083061, 387669119, 0), 8), ((387669119, 38135625, 0), 17), ((38135625, 38024769, 0), 20), ((38024769, 38024763, 0), 22), ((38024763, 38024757, 0), 26), ((38024757, 38057031, 0), 33), ((38057031, 38046725, 0), 52), ((38046725, 38058901, 0), 61), ((38058901, 38078585, 0), 71), ((38078585, 38078589, 0), 81), ('GOAL', 38078589, 81), ('GOAL', 38078589, None)]
149	[((38002424, 38002421, 0), 0), ((38002421, 38002419, 0), 6), ((38002419, 37982587, 0), 14), ((37982587, 37982582, 0), 25), ((37982582, 37982569, 0), 31), ((37982569, 37982563, 0), 40), ((37982563, 37982560, 0), 45), ((37982560, 37982555, 0), 51), ((37982555, 37982544, 0), 57), ((37982544, 38058900, 0), 66), ((38058900, 38127679, 0), 78), ((38127679, 38107786, 0), 82), ('GOAL', 38107786, 82), ('GOAL', 38107786, None)]
150	[((6563450916, 6563450917, 0), 0), ((6563450917, 38048877, 0), 4), ((38048877, 37985146, 0), 15), ((37985146, 2366289498, 0), 21), ((2366289498, 2366289499, 0), 28), ((2366289499, 37974745, 0), 36), ((37974745, 38078585, 0), 48), ((38078585, 38078589, 0), 60), ('GOAL', 38078589, 60), ('GOAL', 38078589, None), ('GOAL', 38078589, None)]
151	[((38035340, 38048956, 0), 0), ((38048956, 38048952, 0), 6), ((38048952, 38096643, 0), 13), ((38096643, 38024757, 0), 17), ((38024757, 38057031, 0), 25), ((38057031, 38046725, 0), 38), ((38046725, 38058901, 0), 47), ((38058901, 38078585, 0), 57), ((38078585, 38078589, 0), 67), ('GOAL', 38078589, 67), ('GOAL', 38078589, None)]
152	[((37975531, 38077723, 0), 0), ((38077723, 38083061, 0), 12), ((38083061, 387669119, 0), 19), ((387669119, 38135625, 0), 29), ((38135625, 38024769, 0), 32), ((38024769, 38024763, 0), 34), ((38024763, 38024757, 0), 38), ((38024757, 38057031, 0), 44), ((38057031, 38046725, 0), 66), ((38046725, 38058901, 0), 76), ((38058901, 38078585, 0), 86), ((38078585, 38078589, 0), 96), ('GOAL', 38078589, 96), ('GOAL', 38078589, None)]
153	[((38046725, 37974740, 0), 0), ((37974740, 37974742, 0), 6), ((37974742, 37974745, 0), 16), ((37974745, 38078585, 0), 25), ((38078585, 38078589, 0), 39), ('GOAL', 38078589, 39), ('GOAL', 38078589, None), ('GOAL', 38078589, None)]
154	[((38014590, 38063509, 0), 0), ((38063509, 38039366, 0), 6), ((38039366, 38048961, 0), 9), ((38048961, 38048956, 0), 24), ((38048956, 38048952, 0), 33), ((38048952, 38096643, 0), 38), ((38096643, 38024757, 0), 42), ((38024757, 38057031, 0), 51), ((38057031, 38046725, 0), 73), ((38046725, 38058901, 0), 84), ((38058901, 38078585, 0), 94), ((38078585, 38078589, 0), 103), ('GOAL', 38078589, 103), ('GOAL', 38078589, None)]
155	[((1557362915, 37982991, 0), 0), ((37982991, 38062559, 0), 5), ((38062559, 38062557, 0), 13), ((38062557, 38126875, 0), 25), ((38126875, 38123182, 0), 38), ((38123182, 38038045, 0), 44), ((38038045, 38002419, 0), 53), ((38002419, 37982587, 0), 62), ((37982587, 37982582, 0), 69), ((37982582, 37982569, 0), 74), ((37982569, 37982563, 0), 79), ((37982563, 37982560, 0), 86), ((37982560, 37982555, 0), 97), ((37982555, 37982544, 0), 103), ((37982544, 38058900, 0), 118), ((38058900, 38127679, 0), 130), ((38127679, 38107786, 0), 135), ('GOAL', 38107786, 135)]
156	[((38014586, 38063505, 0), 0), ((38063505, 38063509, 0), 3), ((38063509, 38039366, 0), 9), ((38039366, 38048961, 0), 13), ((38048961, 38048956, 0), 28), ((38048956, 38048952, 0), 37), ((38048952, 38096643, 0), 42), ((38096643, 38024757, 0), 46), ((38024757, 38057031, 0), 55), ((38057031, 38046725, 0), 77), ((38046725, 38058901, 0), 87), ((38058901, 38078585, 0), 98), ((38078585, 38078589, 0), 107), ('GOAL', 38078589, 107), ('GOAL', 38078589, None)]
157	[((38024757, 38024763, 0), 0), ((38024763, 38024757, 0), 7), ((38024757, 38057031, 0), 14), ((38057031, 38046725, 0), 24), ((38046725, 38058901, 0), 32), ((38058901, 38078585, 0), 42), ((38078585, 38078589, 0), 51), ('GOAL', 38078589, 51), ('GOAL', 38078589, None), ('GOAL', 38078589, None)]
158	[((38005217, 38014586, 0), 0), ((38014586, 38063505, 0), 4), ((38063505, 38063509, 0), 7), ((38063509, 38039366, 0), 14), ((38039366, 38048961, 0), 18), ((38048961, 38048956, 0), 33), ((38048956, 38048952, 0), 42), ((38048952, 38096643, 0), 47), ((38096643, 38024757, 0), 51), ((38024757, 38057031, 0), 60), ((38057031, 38046725, 0), 82), ((38046725, 38058901, 0), 92), ((38058901, 38078585, 0), 103), ((38078585, 38078589, 0), 112), ('GOAL', 38078589, 112)]
159	[((38127679, 38078585, 0), 0), ((38078585, 38078589, 0), 11), ('GOAL', 38078589, 11), ('GOAL', 38078589, None), ('GOAL', 38078589, None)]
160	[((38126875, 38126878, 0), 0), ((38126878, 38126875, 0), 5), ((38126875, 38123182, 0), 10), ((38123182, 38038045, 0), 15), ((38038045, 38002419, 0), 25), ((38002419, 37982587, 0), 34), ((37982587, 37982582, 0), 49), ((37982582, 37982569, 0), 58), ((37982569, 37982563, 0), 69), ((37982563, 37982560, 0), 75), ((37982560, 37982555, 0), 83), ((37982555, 37982544, 0), 89), ((37982544, 38058900, 0), 102), ((38058900, 38127679, 0), 114), ((38127679, 38107786, 0), 119), ('GOAL', 38107786, 119)]
161	[((37982597, 38038045, 0), 0), ((38038045, 38002419, 0), 4), ((38002419, 37982587, 0), 12), ((37982587, 37982582, 0), 21), ((37982582, 37982569, 0), 28), ((37982569, 37982563, 0), 36), ((37982563, 37982560, 0), 42), ((37982560, 37982555, 0), 47), ((37982555, 37982544, 0), 53), ((37982544, 38058900, 0), 62), ((38058900, 38127679, 0), 74), ((38127679, 38107786, 0), 78), ('GOAL', 38107786, 78), ('GOAL', 38107786, None)]
162	[((38077748, 37975556, 0), 0), ((37975556, 38077748, 0), 3), ((38077748, 38005217, 0), 12), ((38005217, 38014586, 0), 16), ((38014586, 38063505, 0), 24), ((38063505, 38063509, 0), 27), ((38063509, 38039366, 0), 32), ((38039366, 38048961, 0), 39), ((38048961, 38048956, 0), 54), ((38048956, 38048952, 0), 63), ((38048952, 38096643, 0), 68), ((38096643, 37982563, 0), 72), ((37982563, 37982560, 0), 79), ((37982560, 37982555, 0), 89), ((37982555, 37982544, 0), 95), ((37982544, 38058900, 0), 108), ((38058900, 38127679, 0), 121), ((38127679, 38107786, 0), 125), ('GOAL', 38107786, 125)]
163	[((387669119, 38083061, 0), 0), ((38083061, 387669119, 0), 8), ((387669119, 38135625, 0), 19), ((38135625, 38024769, 0), 22), ((38024769, 38024763, 0), 24), ((38024763, 38024757, 0), 28), ((38024757, 38057031, 0), 36), ((38057031, 38046725, 0), 54), ((38046725, 38058901, 0), 63), ((38058901, 38078585, 0), 74), ((38078585, 38078589, 0), 83), ('GOAL', 38078589, 83), ('GOAL', 38078589, None)]
164	[((38046725, 38058901, 0), 0), ((38058901, 38078585, 0), 1), ((38078585, 38078589, 0), 11), ('GOAL', 38078589, 11), ('GOAL', 38078589, None), ('GOAL', 38078589, None)]
165	[((38048877, 6563450917, 0), 0), ((6563450917, 38048877, 0), 2), ((38048877, 37985146, 0), 12), ((37985146, 2366289498, 0), 18), ((2366289498, 2366289499, 0), 25), ((2366289499, 37974745, 0), 33), ((37974745, 38078585, 0), 45), ((38078585, 38078589, 0), 57), ('GOAL', 38078589, 57), ('GOAL', 38078589, None), ('GOAL', 38078589, None)]
166	[((387669119, 38048961, 0), 0), ((38048961, 38048956, 0), 7), ((38048956, 38048952, 0), 18), ((38048952, 38096643, 0), 30), ((38096643, 38024757, 0), 34), ((38024757, 38057031, 0), 45), ((38057031, 38046725, 0), 67), ((38046725, 38058901, 0), 77), ((38058901, 38078585, 0), 88), ((38078585, 38078589, 0), 97), ('GOAL', 38078589, 97), ('GOAL', 38078589, None)]
167	[((38024757, 38057031, 0), 0), ((38057031, 38046725, 0), 9), ((38046725, 38058901, 0), 16), ((38058901, 38078585, 0), 27), ((38078585, 38078589, 0), 36), ('GOAL', 38078589, 36), ('GOAL', 38078589, None), ('GOAL', 38078589, None)]
168	[((38002424, 38002421, 0), 0), ((38002421, 38002419, 0), 7), ((38002419, 37982587, 0), 17), ((37982587, 37982582, 0), 28), ((37982582, 37982569, 0), 36), ((37982569, 37982563, 0), 45), ((37982563, 37982560, 0), 50), ((37982560, 37982555, 0), 56), ((37982555, 37982544, 0), 61), ((37982544, 38058900, 0), 71), ((38058900, 38127679, 0), 83), ((38127679, 38107786, 0), 88), ('GOAL', 38107786, 88), ('GOAL', 38107786, None)]
169	[((38062559, 38062557, 0), 0), ((38062557, 38126875, 0), 6), ((38126875, 38123182, 0), 19), ((38123182, 38038045, 0), 24), ((38038045, 38002419, 0), 34), ((38002419, 37982587, 0), 42), ((37982587, 37982582, 0), 54), ((37982582, 37982569, 0), 63), ((37982569, 37982563, 0), 73), ((37982563, 37982560, 0), 80), ((37982560, 37982555, 0), 91), ((37982555, 37982544, 0), 97), ((37982544, 38058900, 0), 111), ((38058900, 38127679, 0), 123), ((38127679, 38107786, 0), 128), ('GOAL', 38107786, 128)]
170	[((38126878, 37982611, 0), 0), ((37982611, 37982610, 0), 6), ((37982610, 37960220, 0), 10), ((37960220, 37982606, 0), 12), ((37982606, 37982597, 0), 21), ((37982597, 37982590, 0), 26), ((37982590, 37982587, 0), 29), ((37982587, 37982582, 0), 31), ((37982582, 37982569, 0), 40), ((37982569, 37982563, 0), 49), ((37982563, 37982560, 0), 55), ((37982560, 37982555, 0), 61), ((37982555, 37982544, 0), 66), ((37982544, 38058900, 0), 76), ((38058900, 38127679, 0), 89), ((38127679, 38107786, 0), 93), ('GOAL', 38107786, 93), ('GOAL', 38107786, None)]
171	[((37982597, 38038045, 0), 0), ((38038045, 38002419, 0), 5), ((38002419, 37982587, 0), 13), ((37982587, 37982582, 0), 24), ((37982582, 37982569, 0), 30), ((37982569, 37982563, 0), 39), ((37982563, 37982560, 0), 44), ((37982560, 37982555, 0), 50), ((37982555, 37982544, 0), 55), ((37982544, 38058900, 0), 64), ((38058900, 38127679, 0), 77), ((38127679, 38107786, 0), 81), ('GOAL', 38107786, 81), ('GOAL', 38107786, None)]
172	[((38024769, 38135625, 0), 0), ((38135625, 38024769, 0), 1), ((38024769, 38024763, 0), 3), ((38024763, 38024757, 0), 7), ((38024757, 38057031, 0), 13), ((38057031, 38046725, 0), 20), ((38046725, 38058901, 0), 28), ((38058901, 38078585, 0), 38), ((38078585, 38078589, 0), 48), ('GOAL', 38078589, 48), ('GOAL', 38078589, None), ('GOAL', 38078589, None)]
173	[((37982606, 37982597, 0), 0), ((37982597, 37982590, 0), 4), ((37982590, 37982587, 0), 8), ((37982587, 37982582, 0), 10), ((37982582, 37982569, 0), 16), ((37982569, 37982563, 0), 24), ((37982563, 37982560, 0), 30), ((37982560, 37982555, 0), 36), ((37982555, 37982544, 0), 41), ((37982544, 38058900, 0), 48), ((38058900, 38127679, 0), 60), ((38127679, 38107786, 0), 65), ('GOAL', 38107786, 65), ('GOAL', 38107786, None)]
174	[((387669119, 38135625, 0), 0), ((38135625, 38024769, 0), 3), ((38024769, 38024763, 0), 5), ((38024763, 38024757, 0), 9), ((38024757, 38057031, 0), 17), ((38057031, 38046725, 0), 26), ((38046725, 38058901, 0), 34), ((38058901, 38078585, 0), 44), ((38078585, 38078589, 0), 54), ('GOAL', 38078589, 54), ('GOAL', 38078589, None), ('GOAL', 38078589, None)]
175	[((2366289499, 37974745, 0), 0), ((37974745, 38078585, 0), 10), ((38078585, 38078589, 0), 23), ('GOAL', 38078589, 23), ('GOAL', 38078589, None), ('GOAL', 38078589, None)]
176	[((38048877, 6563450917, 0), 0), ((6563450917, 38048877, 0), 5), ((38048877, 37985146, 0), 16), ((37985146, 2366289498, 0), 22), ((2366289498, 2366289499, 0), 30), ((2366289499, 37974745, 0), 38), ((37974745, 38078585, 0), 49), ((38078585, 38078589, 0), 62), ('GOAL', 38078589, 62), ('GOAL', 38078589, None), ('GOAL', 38078589, None)]
177	[((37985146, 6563450916, 0), 0), ((6563450916, 37985146, 0), 7), ((37985146, 2366289498, 0), 15), ((2366289498, 2366289499, 0), 23), ((2366289499, 37974745, 0), 31), ((37974745, 38078585, 0), 42), ((38078585, 38078589, 0), 55), ('GOAL', 38078589, 55), ('GOAL', 38078589, None), ('GOAL', 38078589, None)]
178	[((38038045, 38002419, 0), 0), ((38002419, 37982587, 0), 6), ((37982587, 37982582, 0), 13), ((37982582, 37982569, 0), 20), ((37982569, 37982563, 0), 28), ((37982563, 37982560, 0), 33), ((37982560, 37982555, 0), 39), ((37982555, 37982544, 0), 45), ((37982544, 38058900, 0), 52), ((38058900, 38127679, 0), 64), ((38127679, 38107786, 0), 69), ('GOAL', 38107786, 69), ('GOAL', 38107786, None)]
179	[((37982560, 37982555, 0), 0), ((37982555, 37982544, 0), 5), ((37982544, 38058900, 0), 13), ((38058900, 38127679, 0), 25), ((38127679, 38107786, 0), 30), ('GOAL', 38107786, 30), ('GOAL', 38107786, None), ('GOAL', 38107786, None)]
180	[((38002419, 38002421, 0), 0), ((38002421, 38002419, 0), 4), ((38002419, 37982587, 0), 12), ((37982587, 37982582, 0), 20), ((37982582, 37982569, 0), 26), ((37982569, 37982563, 0), 35), ((37982563, 37982560, 0), 41), ((37982560, 37982555, 0), 46), ((37982555, 37982544, 0), 52), ((37982544, 38058900, 0), 60), ((38058900, 38127679, 0), 72), ((38127679, 38107786, 0), 77), ('GOAL', 38107786, 77), ('GOAL', 38107786, None)]
181	[((38002421, 38002424, 0), 0), ((38002424, 38002421, 0), 10), ((38002421, 38002419, 0), 15), ((38002419, 37982587, 0), 23), ((37982587, 37982582, 0), 34), ((37982582, 37982569, 0), 44), ((37982569, 37982563, 0), 53), ((37982563, 37982560, 0), 58), ((37982560, 37982555, 0), 64), ((37982555, 37982544, 0), 70), ((37982544, 38058900, 0), 80), ((38058900, 38127679, 0), 93), ((38127679, 38107786, 0), 97), ('GOAL', 38107786, 97), ('GOAL', 38107786, None)]
182	[((37982587, 37982582, 0), 0), ((37982582, 37982569, 0), 4), ((37982569, 37982563, 0), 10), ((37982563, 37982560, 0), 15), ((37982560, 37982555, 0), 21), ((37982555, 37982544, 0), 27), ((37982544, 38058900, 0), 32), ((38058900, 38127679, 0), 44), ((38127679, 38107786, 0), 49), ('GOAL', 38107786, 49), ('GOAL', 38107786, None), ('GOAL', 38107786, None)]
183	[((38035340, 38048956, 0), 0), ((38048956, 38048952, 0), 7), ((38048952, 38096643, 0), 16), ((38096643, 38024757, 0), 19), ((38024757, 38057031, 0), 27), ((38057031, 38046725, 0), 42), ((38046725, 38058901, 0), 51), ((38058901, 38078585, 0), 61), ((38078585, 38078589, 0), 70), ('GOAL', 38078589, 70), ('GOAL', 38078589, None)]
184	[((37982587, 37982582, 0), 0), ((37982582, 37982569, 0), 5), ((37982569, 37982563, 0), 11), ((37982563, 37982560, 0), 17), ((37982560, 37982555, 0), 22), ((37982555, 37982544, 0), 28), ((37982544, 38058900, 0), 33), ((38058900, 38127679, 0), 46), ((38127679, 38107786, 0), 50), ('GOAL', 38107786, 50), ('GOAL', 38107786, None), ('GOAL', 38107786, None)]
185	[((37982569, 38048952, 0), 0), ((38048952, 38096643, 0), 11), ((38096643, 38024757, 0), 15), ((38024757, 38057031, 0), 22), ((38057031, 38046725, 0), 36), ((38046725, 38058901, 0), 44), ((38058901, 38078585, 0), 55), ((38078585, 38078589, 0), 64), ('GOAL', 38078589, 64), ('GOAL', 38078589, None), ('GOAL', 38078589, None)]
186	[((38002421, 38002424, 0), 0), ((38002424, 38002421, 0), 11), ((38002421, 38002419, 0), 18), ((38002419, 37982587, 0), 26), ((37982587, 37982582, 0), 39), ((37982582, 37982569, 0), 48), ((37982569, 37982563, 0), 58), ((37982563, 37982560, 0), 63), ((37982560, 37982555, 0), 69), ((37982555, 37982544, 0), 75), ((37982544, 38058900, 0), 86), ((38058900, 38127679, 0), 98), ((38127679, 38107786, 0), 103), ('GOAL', 38107786, 103), ('GOAL', 38107786, None)]
187	[((38078585, 37974745, 0), 0), ((37974745, 38078585, 0), 1), ((38078585, 38078589, 0), 15), ('GOAL', 38078589, 15), ('GOAL', 38078589, None), ('GOAL', 38078589, None)]
188	[((37982606, 37982597, 0), 0), ((37982597, 37982590, 0), 6), ((37982590, 37982587, 0), 9), ((37982587, 37982582, 0), 12), ((37982582, 37982569, 0), 18), ((37982569, 37982563, 0), 27), ((37982563, 37982560, 0), 32), ((37982560, 37982555, 0), 38), ((37982555, 37982544, 0), 44), ((37982544, 38058900, 0), 51), ((38058900, 38127679, 0), 63), ((38127679, 38107786, 0), 68), ('GOAL', 38107786, 68), ('GOAL', 38107786, None)]
189	[((38058901, 38058900, 0), 0), ((38058900, 38127679, 0), 14), ((38127679, 38107786, 0), 19), ('GOAL', 38107786, 19), ('GOAL', 38107786, None), ('GOAL', 38107786, None)]
190	[((38002424, 38005221, 0), 0), ((38005221, 38002424, 0), 5), ((38002424, 38002421, 0), 11), ((38002421, 38002419, 0), 17), ((38002419, 37982587, 0), 25), ((37982587, 37982582, 0), 37), ((37982582, 37982569, 0), 46), ((37982569, 37982563, 0), 55), ((37982563, 37982560, 0), 61), ((37982560, 37982555, 0), 67), ((37982555, 37982544, 0), 72), ((37982544, 38058900, 0), 83), ((38058900, 38127679, 0), 95), ((38127679, 38107786, 0), 100), ('GOAL', 38107786, 100), ('GOAL', 38107786, None)]
191	[((37987901, 38009439, 0), 0), ((38009439, 37987901, 0), 1), ((37987901, 38127601, 0), 4), ((38127601, 38005219, 0), 8), ((38005219, 38014590, 0), 11), ((38014590, 38063509, 0), 16), ((38063509, 38039366, 0), 21), ((38039366, 38048961, 0), 27), ((38048961, 38048956, 0), 42), ((38048956, 38048952, 0), 51), ((38048952, 38096643, 0), 56), ((38096643, 38024757, 0), 60), ((38024757, 38057031, 0), 68), ((38057031, 38046725, 0), 90), ((38046725, 38058901, 0), 101), ((38058901, 38078585, 0), 112), ((38078585, 38078589, 0), 121), ('GOAL', 38078589, 121)]
192	[((37982597, 38038045, 0), 0), ((38038045, 38002419, 0), 6), ((38002419, 37982587, 0), 14), ((37982587, 37982582, 0), 26), ((37982582, 37982569, 0), 32), ((37982569, 37982563, 0), 41), ((37982563, 37982560, 0), 46), ((37982560, 37982555, 0), 52), ((37982555, 37982544, 0), 58), ((37982544, 38058900, 0), 67), ((38058900, 38127679, 0), 79), ((38127679, 38107786, 0), 84), ('GOAL', 38107786, 84), ('GOAL', 38107786, None)]
193	[((38035340, 38002421, 0), 0), ((38002421, 38002419, 0), 6), ((38002419, 37982587, 0), 16), ((37982587, 37982582, 0), 27), ((37982582, 37982569, 0), 33), ((37982569, 37982563, 0), 42), ((37982563, 37982560, 0), 48), ((37982560, 37982555, 0), 53), ((37982555, 37982544, 0), 59), ((37982544, 38058900, 0), 68), ((38058900, 38127679, 0), 81), ((38127679, 38107786, 0), 85), ('GOAL', 38107786, 85), ('GOAL', 38107786, None)]
194	[((38002424, 38002421, 0), 0), ((38002421, 38002419, 0), 9), ((38002419, 37982587, 0), 18), ((37982587, 37982582, 0), 30), ((37982582, 37982569, 0), 38), ((37982569, 37982563, 0), 47), ((37982563, 37982560, 0), 52), ((37982560, 37982555, 0), 58), ((37982555, 37982544, 0), 64), ((37982544, 38058900, 0), 74), ((38058900, 38127679, 0), 86), ((38127679, 38107786, 0), 90), ('GOAL', 38107786, 90), ('GOAL', 38107786, None)]
195	[((6563450918, 38024763, 0), 0), ((38024763, 38024757, 0), 2), ((38024757, 38057031, 0), 9), ((38057031, 38046725, 0), 17), ((38046725, 38058901, 0), 24), ((38058901, 38078585, 0), 34), ((38078585, 38078589, 0), 44), ('GOAL', 38078589, 44), ('GOAL', 38078589, None), ('GOAL', 38078589, None)]
196	[((38035334, 38048952, 0), 0), ((38048952, 38096643, 0), 9), ((38096643, 38024757, 0), 13), ((38024757, 38057031, 0), 18), ((38057031, 38046725, 0), 30), ((38046725, 38058901, 0), 38), ((38058901, 38078585, 0), 48), ((38078585, 38078589, 0), 58), ('GOAL', 38078589, 58), ('GOAL', 38078589, None), ('GOAL', 38078589, None)]
197	[((6563450918, 38024763, 0), 0), ((38024763, 38024757, 0), 4), ((38024757, 38057031, 0), 10), ((38057031, 38046725, 0), 18), ((38046725, 38058901, 0), 25), ((38058901, 38078585, 0), 36), ((38078585, 38078589, 0), 45), ('GOAL', 38078589, 45), ('GOAL', 38078589, None), ('GOAL', 38078589, None)]
198	[((38002419, 37982587, 0), 0), ((37982587, 37982582, 0), 4), ((37982582, 37982569, 0), 9), ((37982569, 37982563, 0), 16), ((37982563, 37982560, 0), 21), ((37982560, 37982555, 0), 27), ((37982555, 37982544, 0), 33), ((37982544, 38058900, 0), 39), ((38058900, 38127679, 0), 51), ((38127679, 38107786, 0), 56), ('GOAL', 38107786, 56), ('GOAL', 38107786, None), ('GOAL', 38107786, None)]
199	[((37975542, 38063505, 0), 0), ((38063505, 38063509, 0), 5), ((38063509, 38039366, 0), 13), ((38039366, 38048961, 0), 17), ((38048961, 38048956, 0), 32), ((38048956, 38048952, 0), 41), ((38048952, 38096643, 0), 46), ((38096643, 38024757, 0), 50), ((38024757, 38057031, 0), 59), ((38057031, 38046725, 0), 80), ((38046725, 38058901, 0), 91), ((38058901, 38078585, 0), 102), ((38078585, 38078589, 0), 111), ('GOAL', 38078589, 111)]
